# format_version: 1
# fps: 60.0
# units: degrees
# euler_order: XYZ
# neutral_frame_index: 0
# columns: 137 joints × [X,Y,Z] in canonical order defined by joint_map.entries
0.000000,-0.000000,-0.000000,0.000000,-0.000000,0.000000,0.000000,0.000000,0.000000,0.000000,0.000000,0.000000,0.000000,0.000000,0.000000,0.000000,0.000000,0.000000,0.000000,-0.000000,0.000000,0.000000,0.000000,0.000000,0.000000,-0.000000,0.000000,0.000000,0.000000,0.000000,0.000000,0.000000,0.000000,0.000000,0.000000,0.000000,0.000000,0.000000,0.000000,0.000000,0.000000,0.000000,0.000000,0.000000,0.000000,0.000000,0.000000,0.000000,0.000000,0.000000,0.000000,0.000000,0.000000,0.000000,0.000000,0.000000,0.000000,0.000000,0.000000,0.000000,0.000000,0.000000,0.000000,0.000000,0.000000,0.000000,0.000000,0.000000,0.000000,0.000000,0.000000,0.000000,0.000000,0.000000,0.000000,0.000000,-0.000000,0.000000,0.000000,0.000000,0.000000,0.000000,0.000000,0.000000,0.000000,0.000000,0.000000,0.000000,-0.000000,0.000000,0.000000,-0.000000,0.000000,0.000000,0.000000,0.000000,0.000000,0.000000,0.000000,0.000000,0.000000,0.000000,0.000000,-0.000000,0.000000,0.000000,-0.000000,0.000000,0.000000,-0.000000,0.000000,0.000000,0.000000,0.000000,0.000000,0.000000,0.000000,0.000000,0.000000,0.000000,0.000000,0.000000,0.000000,0.000000,0.000000,0.000000,0.000000,0.000000,0.000000,0.000000,0.000000,0.000000,0.000000,0.000000,0.000000,0.000000,0.000000,0.000000,0.000000,-0.000000,0.000000,-0.000000,0.000000,-0.000000,0.000000,0.000000,0.000000,0.000000,-0.000000,0.000000,0.000000,0.000000,0.000000,-0.000000,-0.000000,0.000000,0.000000,-0.000000,0.000000,0.000000,0.000000,0.000000,0.000000,-0.000000,-0.000000,0.000000,0.000000,0.000000,0.000000,-0.000000,0.000000,0.000000,0.000000,0.000000,0.000000,-0.000000,0.000000,0.000000,0.000000,0.000000,0.000000,0.000000,0.000000,0.000000,0.000000,0.000000,0.000000,-0.000000,-0.000000,0.000000,0.000000,0.000000,0.000000,-0.000000,0.000000,0.000000,-0.000000,0.000000,0.000000,0.000000,0.000000,-0.000000,0.000000,-0.000000,0.000000,0.000000,0.000000,0.000000,0.000000,0.000000,0.000000,0.000000,0.000000,0.000000,0.000000,0.000000,0.000000,0.000000,0.000000,0.000000,-0.000000,0.000000,0.000000,0.000000,0.000000,0.000000,-0.000000,-0.000000,0.000000,0.000000,0.000000,0.000000,0.000000,0.000000,0.000000,0.000000,0.000000,0.000000,0.000000,0.000000,0.000000,0.000000,0.000000,0.000000,0.000000,0.000000,0.000000,0.000000,0.000000,0.000000,-0.000000,0.000000,0.000000,0.000000,0.000000,0.000000,0.000000,0.000000,0.000000,-0.000000,0.000000,0.000000,0.000000,0.000000,0.000000,-0.000000,0.000000,0.000000,0.000000,0.000000,0.000000,0.000000,0.000000,0.000000,-0.000000,0.000000,0.000000,0.000000,0.000000,0.000000,0.000000,0.000000,0.000000,0.000000,0.000000,0.000000,0.000000,0.000000,0.000000,0.000000,0.000000,0.000000,0.000000,0.000000,0.000000,0.000000,0.000000,0.000000,0.000000,0.000000,0.000000,0.000000,0.000000,0.000000,-0.000000,0.000000,0.000000,0.000000,0.000000,0.000000,0.000000,0.000000,0.000000,-0.000000,0.000000,0.000000,0.000000,0.000000,0.000000,0.000000,0.000000,0.000000,0.000000,0.000000,0.000000,0.000000,0.000000,0.000000,0.000000,0.000000,0.000000,0.000000,0.000000,0.000000,-0.000000,0.000000,0.000000,0.000000,0.000000,0.000000,0.000000,0.000000,0.000000,0.000000,0.000000,0.000000,0.000000,0.000000,-0.000000,-0.000000,0.000000,0.000000,0.000000,0.000000,0.000000,-0.000000,0.000000,0.000000,0.000000,0.000000,0.000000,0.000000,0.000000,0.000000,0.000000,0.000000,0.000000,0.000000,0.000000,0.000000,0.000000,0.000000,0.000000,0.000000,0.000000,0.000000,0.000000,0.000000,0.000000,0.000000,0.000000,0.000000,0.000000,0.000000,-0.000000,0.000000,-0.000000,-0.000000,0.000000,-0.000000,0.000000,0.000000,0.000000,0.000000,-0.000000,0.000000,-0.000000,-0.000000,0.000000,-0.000000,-0.000000,0.000000,0.000000,0.000000,0.000000,0.000000,-0.000000,0.000000,0.000000,-0.000000,-0.000000
27.485321,8.059451,-11.660593,23.932907,7.971535,-20.554136,26.376320,4.969220,-19.489605,-17.268492,17.357523,-13.205337,-6.644121,-2.125390,8.249249,18.332542,15.241790,-18.873354,4.153004,-4.138712,-38.589161,-14.190690,-9.697853,-26.084854,4.559659,1.351231,-18.917440,5.354999,-2.312275,-12.674201,-3.591396,1.950593,14.565009,-3.414649,1.780084,14.484596,2.613629,5.229600,-23.591042,-5.956096,1.485163,19.385981,-5.788507,1.182723,19.885559,26.694817,9.011781,-14.824923,26.245289,9.901815,-10.557216,25.808420,9.618598,-12.767054,-6.252264,4.542545,0.119602,-5.964335,1.276044,19.878553,-6.159173,1.466035,19.813341,-5.609402,1.190390,19.666468,-3.293898,1.875787,14.181984,-3.307244,1.955248,13.981148,-3.405044,1.710233,14.684530,26.096388,9.734919,-19.712872,26.519102,8.120564,-18.726387,27.003771,6.510440,-17.884207,27.380167,6.067224,-16.693237,27.439251,6.377108,-13.600231,27.561396,6.032626,-13.134015,28.454453,4.164133,-14.086923,29.144753,3.160518,-15.069819,29.627996,2.713588,-18.501179,30.015587,4.539912,-17.844366,29.521875,5.810895,-22.313522,28.807623,5.801085,-26.259922,27.868677,6.571275,-26.946810,27.559689,7.358118,-26.051641,27.406919,8.479010,-24.065102,27.865055,9.425591,-20.335207,27.690786,9.966121,-18.171755,27.620836,7.013757,-19.736774,27.381144,6.790400,-20.046642,27.606222,7.065181,-19.987679,27.746202,7.275445,-20.120348,28.579069,7.852782,-20.407774,28.307934,7.127332,-19.033937,27.858255,7.866954,-18.760319,27.583397,8.482088,-18.461039,27.590584,9.449747,-18.469252,27.702600,9.862585,-17.664927,27.382969,5.628787,-18.735170,27.839453,4.919534,-18.469784,28.799198,5.056035,-19.778959,29.393000,5.014748,-19.990091,28.864325,4.046223,-19.675383,28.776682,3.904808,-19.733847,28.955023,4.215874,-20.649366,29.037052,4.542564,-22.240927,29.253023,4.613251,-22.226742,27.848040,5.534945,-20.233177,27.931089,5.641835,-20.484570,27.899405,5.848278,-20.405096,28.309324,5.973195,-20.329517,28.316942,6.073247,-20.565592,28.101770,5.791399,-20.093786,28.450327,6.819058,-19.924522,28.237005,7.244977,-20.070539,28.027756,7.702699,-19.518230,28.221678,7.916591,-18.984655,28.551638,7.481086,-20.017832,28.486605,7.374341,-19.775839,27.029892,3.521222,-16.010946,27.676846,4.152532,-17.892689,28.106335,4.077836,-19.748905,27.977549,3.683405,-19.049109,28.308050,3.788664,-21.098101,28.001295,2.944888,-22.700853,28.231646,2.380084,-25.573662,28.016232,2.812079,-22.431570,28.116459,2.665507,-20.237679,27.401072,3.408084,-18.266157,27.633493,3.588938,-18.417051,27.366831,2.947700,-18.080259,26.837185,3.229342,-16.704517,28.376505,3.765923,-18.244967,28.730793,3.441406,-19.199635,28.452568,3.379298,-21.121862,27.990908,2.801628,-23.824345,28.067122,2.767990,-20.861652,26.825869,2.351125,-19.261692,27.197451,3.361675,-19.036093,27.927317,5.993942,-20.565107,28.357002,7.219801,-20.008474,-14.564244,-8.655374,-23.049313,-14.230834,-6.557242,-18.797441,-14.090625,-5.138027,-11.960999,-14.160151,-3.656309,-9.926691,-13.369156,-3.585328,-5.946476,-17.388386,-5.872563,-17.389345,-18.374741,-4.082322,-14.872220,-17.800070,-4.350317,-12.554469,-17.132898,-5.394428,-10.373403,-17.538084,-6.686438,-20.178682,-19.351028,-5.408091,-18.236803,-18.901226,-7.028282,-16.705883,-18.263744,-8.449415,-17.241238,-17.292995,-7.595891,-22.386368,-19.084780,-6.522395,-21.189713,-17.747416,-7.626835,-18.885559,-16.424351,-8.806202,-17.825836,-16.625107,-8.400770,-24.867271,-17.735365,-7.896839,-23.488060,-16.870825,-8.931448,-21.918974,-15.617455,-9.921225,-21.067390,-5.823988,-0.801559,10.126171,-8.214819,-2.385302,15.224713,-13.043473,-6.508491,15.984250,-16.865467,-9.075438,14.549607,-20.843800,-5.611698,16.144361,-11.504672,-14.700620,14.710954,-12.246095,-17.508457,16.845055,-18.598478,-17.983105,21.101109,-24.683624,-17.958801,21.544777,-8.964257,-15.855707,11.795479,-5.903108,-17.974491,13.469797,-11.052049,-17.065952,18.721197,-15.457397,-16.576847,22.014750,-6.198149,-15.612555,8.995602,-1.850538,-17.557655,9.405541,-7.082707,-16.359188,15.825551,-12.272757,-15.286978,21.694824,-3.260381,-14.586243,5.690781,-0.070701,-16.043940,6.195587,-2.000176,-15.692874,9.888985,-4.349746,-16.065067,12.741182
34.207119,11.797956,-5.583045,32.380840,15.526982,-10.384919,34.673878,11.343653,-10.601203,-10.224595,21.362257,-32.968292,3.420269,-12.344244,-8.903719,25.991659,20.954432,-10.535159,1.681909,7.087986,-48.630253,-18.408087,-11.185478,-36.123589,9.797701,6.378470,-15.070390,10.249832,4.965775,-10.997712,-9.134593,0.068593,16.024048,-8.998213,-0.344444,15.896543,8.276473,8.306095,-18.545000,-11.955780,-1.184956,22.511879,-11.410772,-1.948659,23.687187,32.491261,11.935472,-7.262420,32.116253,12.954150,-4.268571,31.316446,13.263776,-1.778580,-17.971510,6.621647,-10.916638,-11.618985,-1.864119,23.682121,-11.920685,-1.756249,23.630033,-11.200711,-1.940301,23.362646,-8.884669,-0.202670,15.486167,-8.929792,-0.057933,15.261326,-8.963325,-0.485120,16.121796,30.766212,13.167462,-7.918015,32.209332,12.208448,-5.991603,33.686020,11.464505,-4.867539,35.096806,11.526064,-3.952724,36.001404,11.978032,-1.918284,36.875027,11.779129,-2.499115,37.836067,9.857149,-3.911111,39.031181,8.583719,-5.601132,39.537079,7.916018,-8.902455,39.651489,9.315411,-7.722963,38.290165,10.678559,-12.568045,37.264721,10.574505,-15.791004,36.015141,11.239469,-16.608017,35.546585,11.551870,-16.688833,34.949295,12.341179,-15.816293,34.822269,12.690460,-13.081522,33.865788,12.688088,-10.578244,32.698967,9.607199,-12.392006,32.509140,9.301319,-13.268974,32.699554,9.548436,-13.300184,32.811901,9.794011,-13.570664,33.808891,10.375507,-13.656852,33.799335,9.564019,-11.772045,33.425335,10.357428,-11.735002,33.289227,11.067551,-11.414047,33.363934,12.228945,-11.108676,33.788429,12.775018,-10.289413,33.737080,8.736347,-11.167258,34.795792,8.265333,-11.530845,35.681599,8.589367,-12.002997,36.333691,8.723557,-12.232027,36.542332,8.072472,-10.920053,36.478043,7.867625,-11.021379,36.752399,8.091385,-11.720697,36.712124,8.437604,-13.335770,36.956665,8.298795,-13.578959,33.728622,8.401953,-12.146568,33.958580,8.500358,-12.535665,34.043358,8.748730,-12.414252,34.566132,8.873441,-12.245019,34.427628,8.877550,-12.428468,34.125393,8.615724,-12.135535,34.897823,9.647709,-11.267056,34.558567,9.992835,-11.598084,34.292431,10.568815,-11.145274,34.464966,10.662299,-10.727162,34.937904,10.272000,-11.643865,34.860260,10.196413,-11.203452,36.695637,7.714114,-5.843709,36.414703,8.231410,-8.139847,36.528610,8.273613,-10.323728,36.152950,7.858557,-9.787599,36.128998,8.061221,-11.545080,36.462585,7.227756,-13.592044,37.241009,6.673823,-15.847294,37.679039,7.189358,-13.311768,38.199089,6.915301,-11.126369,37.518295,7.960801,-8.722706,37.918716,8.103349,-8.345842,37.685715,7.337411,-7.376634,36.348694,7.566915,-6.176237,36.714737,7.913371,-9.028868,36.794979,7.530252,-10.263064,36.721317,7.616324,-11.871450,37.019863,7.084966,-14.489385,37.863766,7.131313,-10.617340,36.583714,6.712853,-9.502688,37.402576,7.629469,-8.781546,34.068680,8.882565,-12.673543,34.612209,9.915420,-11.351757,-19.302937,-10.120130,-33.607567,-18.909286,-8.299036,-26.958342,-18.509014,-7.155456,-17.301235,-18.546419,-6.162476,-13.574695,-17.494997,-5.960217,-7.879286,-21.410910,-10.049851,-22.277460,-22.160465,-8.278413,-20.492043,-21.780552,-8.654921,-16.203123,-21.393839,-10.037511,-11.824341,-21.751596,-10.899382,-26.663847,-23.620804,-9.817058,-25.590322,-23.537340,-11.576314,-23.319603,-22.876060,-13.415999,-22.506493,-21.581051,-11.712905,-30.222269,-23.638790,-10.762147,-30.578072,-22.982042,-11.788689,-28.761204,-21.931047,-13.086864,-27.129725,-20.924543,-12.430629,-33.948399,-22.272581,-11.896945,-33.784931,-21.944546,-12.893836,-33.038788,-21.042673,-13.866927,-32.054844,3.397945,-11.512534,-6.683581,-1.118427,-12.193796,3.265058,-10.137993,-17.081408,11.034286,-17.881029,-22.119307,15.167025,-26.217409,-19.919329,19.398041,-9.870237,-29.115150,16.387011,-12.930821,-35.339302,21.186455,-21.667982,-36.852264,26.919973,-29.551338,-37.320099,28.836231,-5.535979,-31.954063,9.831825,-3.109566,-37.473511,12.391183,-10.999871,-35.933628,19.924917,-17.223421,-33.251728,24.647369,-1.520233,-32.433990,2.509917,3.903630,-36.874592,0.661180,-2.339869,-36.537407,7.077290,-9.062238,-35.717785,14.201956,2.132613,-31.331125,-5.361868,6.470769,-34.579521,-7.576149,6.094373,-34.296490,-5.739446,4.761010,-34.521385,-3.099863
33.676849,11.850742,-9.268819,31.674856,16.605373,-16.719088,32.416447,9.876041,-18.812735,-8.618378,15.719796,-39.808922,-1.292231,-16.786495,-6.686209,26.727331,24.055326,-14.050094,-0.335472,9.787137,-51.100842,-14.446098,-8.965075,-21.553362,7.547195,8.883398,-29.790928,9.179011,4.831527,-22.951990,-4.488369,-0.775102,11.616985,-4.011672,-1.040347,11.621306,4.390468,11.668786,-34.088295,-6.938336,-0.152369,18.415243,-6.336698,-0.164427,19.902754,32.961914,12.059776,-11.907291,33.444160,13.427904,-8.635555,33.348793,13.763931,-6.796248,-12.362005,3.538975,-4.307378,-6.596676,-0.014246,19.962833,-6.978487,0.106484,19.949015,-6.080261,-0.223799,19.556299,-3.920984,-1.035749,11.184654,-4.004206,-1.023149,10.930305,-3.945925,-1.047740,11.885243,32.576477,13.807230,-13.731082,34.003273,12.655334,-12.259435,35.406826,11.704380,-11.932165,36.526947,11.420811,-11.696964,36.966816,11.551113,-10.710223,37.000454,11.308496,-11.166143,37.385288,9.619268,-12.217842,37.305012,8.395247,-13.538366,37.793106,8.026667,-15.842046,38.575951,9.533090,-14.726859,37.882595,11.036982,-19.313229,37.869846,11.113682,-22.628176,37.122196,11.807396,-23.320881,36.947449,12.050586,-23.167107,36.815464,12.923789,-21.980747,36.994717,13.250400,-19.240437,36.218475,13.291999,-16.510786,34.441181,10.131217,-19.427267,34.402271,9.875195,-20.494225,34.581059,10.140403,-20.126005,34.750828,10.395278,-20.177959,35.487530,10.911631,-19.862473,35.804001,10.091049,-17.019747,35.666981,10.984011,-17.148851,35.678982,11.767918,-16.516207,35.648712,12.954176,-16.262421,35.913467,13.449013,-15.381336,34.555466,8.944147,-18.055649,35.382000,8.426018,-18.670568,35.650272,8.654333,-18.793049,35.885345,8.702631,-18.908100,36.069130,8.082061,-17.329901,36.003773,7.856970,-17.225859,36.279961,8.060102,-17.343864,36.363785,8.452467,-19.262863,36.757484,8.360472,-19.527290,34.648472,8.632513,-19.436434,34.941689,8.741375,-19.426460,34.892216,8.958219,-19.058725,35.231972,9.038193,-18.876451,34.947227,9.002310,-19.361753,34.767391,8.769475,-19.308722,35.846672,9.871399,-17.812836,35.932243,10.316537,-17.809593,35.814636,10.954288,-16.932972,35.982937,11.050110,-16.520489,36.138920,10.566179,-17.618473,35.878258,10.444218,-17.596718,36.155529,7.637463,-12.379362,35.700031,8.216327,-14.643401,36.016205,8.318213,-16.678177,35.621265,7.858844,-16.161819,35.870495,8.070847,-18.321714,36.284096,7.305824,-20.435455,37.198273,6.825747,-22.559917,36.523357,7.172278,-20.010096,36.396599,6.725560,-17.936159,35.518360,7.746091,-15.200271,35.939938,7.919395,-15.228686,36.166958,7.134341,-14.491300,35.787182,7.523451,-12.659385,36.078438,7.953244,-15.140971,36.174618,7.540946,-16.710920,36.100533,7.561275,-18.297022,36.633766,7.181521,-21.424311,36.363415,6.944316,-17.776093,35.158768,6.617659,-16.435627,35.993965,7.558330,-15.332721,34.813805,9.066933,-19.553837,35.947453,10.232188,-17.580967,-15.555532,-8.381584,-20.041582,-14.573207,-6.326118,-13.668677,-13.339674,-5.371483,-2.795713,-12.797852,-4.555737,2.823080,-11.455566,-4.197880,8.218078,-16.850937,-7.407452,-4.797280,-17.486168,-6.341860,-1.265108,-17.563482,-5.986375,-1.055463,-17.752731,-6.296178,-1.530639,-17.665216,-8.290312,-9.076893,-18.798624,-7.386136,-6.397895,-18.817917,-7.735250,-7.586976,-18.712595,-8.363695,-10.008733,-17.919516,-9.273039,-12.974513,-19.051781,-8.233267,-11.878798,-18.392883,-7.918748,-12.620327,-17.680269,-8.013024,-13.340355,-17.689831,-10.306117,-16.749630,-18.476152,-9.397498,-16.120565,-18.129742,-9.504102,-16.889982,-17.333847,-9.622535,-17.276136,-2.430275,-15.516636,-6.290987,-11.659682,-13.591488,7.570503,-21.384560,-15.822240,19.884661,-27.580042,-20.421623,25.783001,-33.673290,-18.278648,30.302103,-11.658959,-29.163317,15.530753,-14.812038,-33.272243,22.458843,-20.083944,-34.658722,26.888048,-23.692879,-36.191723,27.657549,-2.840311,-33.138958,6.796845,-5.371983,-37.630413,15.405831,-15.288749,-37.199505,24.086288,-21.920889,-35.679089,28.483414,4.556059,-34.712048,-1.342851,4.471989,-39.523167,4.517699,-5.473817,-41.321190,13.778671,-14.335280,-41.521008,21.493336,10.289013,-35.028358,-8.763523,10.470769,-38.842987,-4.816981,7.298959,-40.098900,-1.244250,4.996282,-41.465054,1.095343
30.177282,11.651968,-10.267942,26.551027,20.132671,-13.580954,25.936514,11.849588,-16.744913,-22.019478,13.078970,-32.438923,-5.612164,-15.442658,4.662662,22.950842,24.959238,-11.650233,-5.128688,9.414716,-49.017014,-12.683347,-9.038411,-14.541490,3.991473,13.878985,-29.237726,6.094617,9.433812,-20.964014,-4.127701,-1.687157,9.835386,-3.633760,-1.924100,9.919350,1.197331,14.531945,-32.658951,-6.434337,-1.082143,14.374032,-5.631402,-0.979584,15.690912,30.314854,11.673960,-12.241046,29.826923,12.802949,-7.127147,32.126446,13.649734,-5.413198,-12.334107,1.373855,-5.209164,-5.882595,-0.824921,15.645629,-6.336253,-0.816358,15.524539,-5.387916,-1.029713,15.474838,-3.564883,-1.935949,9.635569,-3.656913,-1.945827,9.498679,-3.557808,-1.912307,10.063218,30.600580,13.175957,-11.785323,31.973907,12.231278,-10.649482,33.486977,11.523094,-10.452127,34.696339,11.435289,-10.691113,34.727310,11.339586,-10.597155,34.157917,11.090394,-11.924506,33.812584,9.596981,-13.629053,32.699848,8.564441,-14.998755,33.094994,8.651911,-17.069851,33.686916,9.900560,-16.583870,33.124737,11.565524,-19.297762,33.700611,11.747542,-21.038136,33.485458,12.394637,-21.403267,33.753613,12.377396,-21.147743,33.852497,12.913865,-20.778812,34.225529,12.986571,-18.264479,33.705425,12.823256,-15.787730,32.686504,9.652938,-19.095110,32.776112,9.402764,-20.065161,32.943779,9.637634,-19.349787,33.056641,9.895004,-18.861675,33.327271,10.262551,-18.226997,33.626514,9.594707,-14.658935,33.508400,10.426682,-14.475743,33.513863,11.167459,-13.472569,33.248394,12.265915,-13.250650,33.093708,12.673426,-13.122540,32.055862,8.628503,-17.422943,32.581070,8.162436,-17.982325,32.278240,8.404531,-17.728283,32.047562,8.435086,-18.380541,32.393921,7.951201,-17.223158,32.381924,7.830081,-16.848539,32.412601,7.992284,-16.449738,32.366974,8.476119,-18.099432,32.994438,8.360191,-18.397818,32.207802,8.142786,-19.670717,32.423080,8.281135,-19.298372,32.268948,8.546204,-18.286943,32.338951,8.582913,-18.220848,32.090988,8.513909,-18.902071,32.016178,8.233714,-19.334593,32.803070,9.410123,-16.329355,32.995529,9.862019,-15.635188,32.987648,10.546032,-14.634760,32.979691,10.581276,-14.079298,32.998131,10.148260,-15.317181,32.668713,9.984540,-15.754740,32.857300,7.706401,-13.365343,31.814671,8.370181,-14.825122,31.830698,8.491689,-16.462244,31.548744,8.085721,-16.080559,31.750509,8.272602,-17.870483,32.479015,7.652565,-19.611187,33.711124,7.400966,-20.857922,32.378838,7.652100,-19.343899,31.708977,6.987039,-17.859655,30.958088,7.940483,-16.190834,31.535799,8.158628,-15.729811,32.248505,7.342251,-15.000141,32.294498,7.537944,-13.838393,31.834658,8.171162,-15.700470,31.782537,7.730807,-17.101362,31.799210,7.790053,-17.549160,33.000374,7.809686,-20.047041,32.227024,7.167603,-17.279778,31.286926,6.993274,-16.538639,32.077679,7.880597,-15.633949,32.067799,8.575579,-19.107410,32.990505,9.789310,-15.366326,-14.031704,-8.175735,-15.568662,-13.236973,-6.838025,-9.601012,-12.077062,-6.492349,-0.438631,-11.384926,-6.087335,4.817406,-10.406857,-6.064149,8.789783,-14.293276,-7.029347,-1.642599,-14.367109,-6.559086,4.583431,-14.210193,-6.827721,6.657879,-14.404677,-7.482046,7.450008,-14.819310,-7.419860,-4.223307,-14.682864,-7.898045,2.631692,-14.309164,-8.806053,2.817180,-14.030253,-9.609781,1.009044,-15.085973,-8.116158,-7.246101,-14.665442,-8.476708,-1.459421,-13.391209,-8.861816,-0.741494,-12.263851,-9.253469,-0.611326,-14.990919,-9.053871,-10.394810,-14.513905,-8.965596,-6.578937,-13.520181,-9.635371,-6.106610,-12.214367,-10.391802,-5.440438,-5.603895,-13.757862,4.975485,-14.654245,-13.164517,15.903252,-23.209549,-17.707758,24.671467,-27.508291,-24.651297,27.993155,-32.507946,-24.978521,30.953306,-8.736444,-29.171026,17.719604,-8.517801,-33.495071,22.132923,-13.066857,-35.424068,26.318844,-15.812711,-37.716026,26.279358,0.172193,-31.018629,10.581793,-1.969201,-35.176266,18.654169,-13.459368,-34.426861,28.006842,-21.423523,-32.706116,33.245911,6.558008,-30.881662,4.506141,5.582304,-35.613728,10.454183,-6.072941,-36.610981,19.337664,-16.047461,-35.462364,25.871735,11.068204,-30.102196,-1.316139,11.012982,-34.216877,1.746761,6.608897,-35.151115,4.367103,2.929901,-35.995743,6.065434
30.205378,11.213027,-13.160771,27.843330,18.372282,-14.263844,26.389364,11.436149,-16.237682,-18.546932,9.675799,-33.975567,-12.485685,-19.784119,10.136691,25.303829,22.483080,-12.609384,-1.461905,8.743352,-46.174469,-10.197175,-7.369210,-10.161410,4.997534,14.357764,-29.028717,7.175563,9.592508,-20.506733,-5.173191,-1.571259,8.456448,-4.884628,-1.845429,8.226679,2.305460,15.077795,-32.387371,-6.931512,-1.995943,11.773635,-6.173044,-2.087735,12.866310,30.672678,11.599656,-14.545024,29.780453,12.598638,-9.780007,33.113766,13.867926,-5.834918,-13.185298,3.504769,-6.518268,-6.357267,-1.955710,12.802669,-6.779041,-2.041192,12.669564,-5.974277,-2.082481,12.702738,-4.811044,-1.777820,8.017579,-4.917071,-1.731730,7.930644,-4.788798,-1.887750,8.318686,31.660379,13.518345,-13.470786,33.220940,12.491939,-12.651954,34.890541,11.655135,-12.691035,36.248497,11.348586,-13.451652,36.407314,11.077496,-13.846541,35.771416,10.523253,-15.598444,35.042915,8.734038,-17.286863,33.611942,7.440125,-18.659033,33.689560,7.378565,-20.535784,33.799145,8.631976,-20.227097,33.037952,10.476883,-21.475290,33.683075,10.821467,-22.162802,33.416302,11.693121,-22.597328,33.747868,11.848409,-22.569784,33.918964,12.569135,-22.422607,34.421410,12.837843,-20.302582,34.008480,12.810863,-18.122440,33.550564,9.867281,-22.064531,33.666039,9.647002,-22.807234,33.818413,9.888499,-21.882597,33.776814,10.084090,-21.020868,33.648308,10.332085,-20.645901,33.908234,9.625032,-16.521585,33.952087,10.512651,-16.138041,33.943829,11.259450,-14.930220,33.513248,12.311259,-14.602825,33.147713,12.640659,-14.802256,32.531006,8.560462,-20.244709,32.959831,8.001266,-20.849997,32.549080,8.133462,-20.493176,32.217522,8.019387,-21.299383,32.713039,7.411450,-20.485338,32.720425,7.309069,-19.983084,32.607594,7.432426,-19.372740,32.519081,7.964989,-20.485252,33.118328,7.925384,-20.739796,32.901108,8.189528,-22.808769,33.020218,8.302390,-22.235992,32.706299,8.517870,-20.846802,32.648148,8.531423,-20.772419,32.450958,8.468483,-21.648195,32.515545,8.223090,-22.327078,32.758709,9.227414,-18.771469,32.890217,9.694165,-17.633505,32.916183,10.387884,-16.579226,32.855160,10.420893,-15.877453,32.884655,9.975649,-17.293957,32.603935,9.795449,-18.013035,33.866413,6.859415,-17.877495,32.503933,7.622057,-18.625900,32.256207,7.833467,-19.715506,31.877895,7.328354,-19.519442,32.019920,7.525703,-21.120537,32.871986,6.950748,-22.092947,34.112762,6.827842,-22.215071,32.602043,6.865905,-21.748392,31.875547,6.093765,-21.017035,31.250307,7.010124,-19.974783,31.936628,7.225611,-19.365276,32.876759,6.411683,-18.861385,33.139423,6.612819,-18.601830,32.324001,7.394827,-19.482956,32.165737,6.958048,-20.770054,32.132256,7.020200,-20.503551,33.390606,7.247234,-21.825130,32.590622,6.409658,-20.198400,31.811745,6.163769,-19.900360,32.509487,7.087497,-19.163719,32.538651,8.564759,-21.686815,32.922642,9.637161,-17.365404,-11.820043,-6.459194,-10.336361,-11.456680,-4.838108,-5.637965,-10.730715,-3.878381,1.302628,-10.358612,-2.923722,5.011910,-9.473527,-2.713413,8.321931,-12.637118,-5.167008,1.749629,-13.100913,-4.236471,6.908822,-12.589100,-4.485957,9.901934,-12.370179,-5.192377,11.605544,-12.756571,-5.757862,0.234838,-12.775311,-5.740570,6.334663,-12.175459,-6.496474,7.407565,-11.701861,-7.250128,6.531113,-12.767458,-6.563280,-1.930281,-12.486968,-6.629258,3.378575,-11.285030,-7.135502,4.814035,-10.207183,-7.643970,5.444537,-12.516157,-7.515513,-4.329334,-12.159668,-7.466409,-0.797097,-11.351984,-8.294461,-0.239058,-10.252335,-9.289851,0.412178,-13.476948,-16.968563,11.567832,-24.996092,-14.318359,24.408497,-34.729568,-16.607325,33.680885,-38.705036,-22.479799,36.874001,-42.752876,-21.309439,38.967712,-19.902054,-30.448774,26.029638,-18.679131,-35.300671,29.333637,-22.669523,-36.719955,33.056583,-25.018282,-38.652737,32.918949,-9.022370,-34.032978,16.935516,-10.227954,-37.947601,25.073303,-21.825682,-37.107460,33.931625,-29.867567,-35.866547,38.279049,-0.087514,-35.009571,8.752545,-1.060172,-39.750996,15.902151,-14.120796,-40.383423,25.077202,-25.158937,-38.915756,31.117224,7.264997,-35.018818,0.772565,7.435157,-39.105118,4.064190,2.683950,-39.969456,6.517844,-1.113854,-40.835804,7.716846
30.187319,11.263517,-13.204536,29.227837,19.166782,-14.545009,28.565102,12.386977,-16.889702,-16.882151,12.910418,-31.711140,-10.950849,-17.808750,11.901214,25.889427,22.906582,-13.194087,-1.682683,9.734315,-46.702301,-12.018393,-8.343810,-11.747432,4.666183,13.958545,-31.364439,7.076375,8.798676,-22.192213,-4.974351,-1.162094,8.853745,-4.774860,-1.443597,8.507155,1.642746,15.006324,-35.008720,-6.970735,-1.515357,12.451717,-6.351306,-1.643370,13.567184,31.068443,11.729008,-14.496100,29.992842,12.726352,-9.557584,34.118603,14.122016,-6.114057,-13.585498,2.996963,-6.823697,-6.551341,-1.504135,13.497273,-7.008246,-1.604731,13.354115,-6.137063,-1.640701,13.390883,-4.686720,-1.377292,8.277584,-4.787616,-1.331714,8.181952,-4.685314,-1.485801,8.608905,32.532425,13.851817,-12.816397,34.087448,12.771738,-12.371732,35.697002,11.876512,-12.816863,36.986214,11.491720,-14.046728,37.032116,11.195526,-14.563679,36.264965,10.571101,-16.661116,35.264790,8.717844,-18.481365,33.797272,7.435456,-20.301163,33.806652,7.431265,-22.709229,33.774670,8.731969,-22.359230,32.949959,10.588195,-23.396429,33.536160,10.968300,-23.787458,33.124863,11.818267,-24.102001,33.515354,11.981203,-23.604694,33.791077,12.683120,-23.137896,34.522408,12.937118,-20.764303,34.313145,12.906690,-18.400948,33.991207,10.005453,-21.682001,34.006248,9.741981,-22.492775,34.096272,9.959908,-21.634203,33.914265,10.119916,-21.044683,33.840206,10.389837,-20.886232,34.053211,9.664449,-16.764639,34.180592,10.564966,-16.408758,34.198948,11.316235,-15.286769,33.785194,12.385764,-14.935222,33.426804,12.733309,-15.065901,32.432770,8.584105,-20.245380,32.872040,8.034886,-20.913858,32.590572,8.204922,-21.155340,32.348686,8.123962,-22.376875,32.935097,7.504512,-21.778070,32.873890,7.399937,-21.398598,32.740833,7.527679,-21.002413,32.665302,8.051548,-22.038633,33.162003,8.012857,-22.072886,33.266933,8.324052,-22.725632,33.397919,8.429375,-22.189222,33.035389,8.630404,-20.843767,32.897118,8.626527,-20.788406,32.756096,8.573972,-21.771162,32.878040,8.349820,-22.383051,32.966930,9.311369,-19.352936,33.134987,9.783381,-18.262871,33.135056,10.476327,-17.137514,33.087963,10.510488,-16.482542,33.065254,10.057072,-17.881134,32.811199,9.884318,-18.597191,33.944519,6.869782,-19.900827,32.784275,7.655662,-20.371372,32.540871,7.895054,-21.416157,32.094177,7.404911,-21.140791,32.250759,7.662626,-22.678089,32.932896,7.075878,-23.587843,34.072239,6.924427,-23.807978,32.471588,6.969692,-23.412107,31.781837,6.197731,-22.624912,31.062151,7.031779,-21.763275,31.748545,7.176598,-21.188951,32.778019,6.365225,-20.935596,33.182205,6.624924,-20.691925,32.729462,7.435068,-21.150202,32.590988,7.060397,-22.233124,32.493534,7.183026,-22.061872,33.340942,7.340830,-23.389259,32.396011,6.475524,-21.844261,31.546129,6.158666,-21.551346,32.273361,7.035686,-21.086412,32.911133,8.690263,-21.716309,33.165649,9.725368,-17.987223,-13.781062,-7.566292,-11.216807,-13.349928,-5.946444,-6.084052,-12.525722,-4.953617,1.118278,-11.936505,-4.031022,4.890175,-10.856835,-4.037340,8.632386,-14.099849,-6.147410,1.565037,-14.522433,-5.011899,6.212417,-14.103852,-5.138774,9.197339,-13.894989,-5.836287,11.244295,-14.215589,-6.659182,-0.280293,-14.263617,-6.363528,5.368312,-13.778829,-7.094417,6.420444,-13.311431,-7.899765,5.723488,-14.246735,-7.486583,-2.708840,-13.987351,-7.369492,2.390106,-12.923640,-7.990623,3.933255,-11.948702,-8.641386,4.631856,-14.044408,-8.493974,-5.482059,-13.674078,-8.417005,-1.871626,-12.934726,-9.401379,-1.202528,-11.925466,-10.565699,-0.478997,-11.848353,-15.303001,13.469236,-23.936337,-13.075699,27.157419,-33.659599,-15.907567,36.918034,-36.969555,-21.848085,39.496613,-40.409592,-20.778027,41.661133,-18.801086,-28.175074,26.296898,-15.638449,-34.213013,27.936821,-18.561510,-36.307705,31.372259,-20.421637,-38.563709,31.556538,-7.147170,-31.551580,16.080214,-6.009846,-36.982956,22.496202,-16.511808,-37.786674,31.111099,-24.372011,-37.496338,36.004623,2.639788,-32.366726,7.116065,3.080804,-38.167896,13.347907,-9.360008,-39.838741,22.080313,-20.470671,-38.902359,28.274675,10.834260,-32.223328,-1.421144,11.725340,-36.778603,1.117776,7.146649,-37.791199,3.360993,3.267691,-38.481998,4.565092
32.071980,11.262384,-13.942080,33.719501,18.210642,-15.137578,35.030621,13.341000,-16.129694,-10.445332,18.592453,-26.885162,-5.219987,-14.416320,13.786001,28.458956,22.283489,-13.933370,1.344664,11.266314,-44.657867,-13.719153,-9.587415,-13.796978,7.667006,10.144373,-30.685127,9.533465,5.485219,-22.722826,-4.317257,-1.422317,7.650665,-4.220364,-1.690573,7.030913,4.435872,12.631022,-34.353493,-6.020856,-1.554255,11.649699,-5.433886,-1.604868,12.762655,32.579292,11.932283,-15.793199,32.048405,13.034616,-11.065480,35.137623,14.346344,-6.580720,-13.466515,3.571917,-6.022477,-5.605693,-1.471538,12.740976,-6.026612,-1.568146,12.650353,-5.232961,-1.605435,12.558007,-4.141100,-1.629453,6.775260,-4.262215,-1.587256,6.658190,-4.110254,-1.728505,7.157732,33.694801,14.239191,-13.993623,35.299969,13.053481,-13.444560,36.940502,12.045314,-13.710322,38.319935,11.543461,-15.020889,38.504681,11.216320,-15.838769,37.805424,10.447105,-17.994564,36.751640,8.465085,-19.664864,35.424828,7.201724,-21.291426,35.265324,7.159552,-23.676025,35.239124,8.684673,-22.927593,34.679081,10.572963,-23.526495,35.281395,10.964831,-23.231743,34.821011,11.754767,-23.474037,35.299698,11.922298,-23.330215,35.544453,12.709078,-23.092674,36.256886,13.119248,-20.862827,36.046333,13.249809,-18.690384,34.639999,10.192539,-22.712006,34.604809,9.950546,-23.902678,34.829258,10.234072,-23.374779,34.736164,10.401900,-23.210379,35.037170,10.783448,-23.197794,35.234158,9.943299,-18.659775,35.345646,10.894275,-18.368967,35.307335,11.650270,-17.432858,35.005295,12.744143,-17.070366,34.877098,13.122630,-16.887659,33.791748,8.712905,-21.629482,34.371555,8.114946,-22.092300,34.519478,8.281771,-22.853977,34.479702,8.197174,-23.763474,34.919037,7.530853,-22.719671,34.844021,7.359843,-22.526478,34.758690,7.502278,-22.584040,34.728523,7.955364,-23.601213,35.104187,7.923097,-23.575407,34.462276,8.547277,-23.525436,34.655251,8.639996,-23.236395,34.402245,8.822588,-22.144239,34.367054,8.821496,-21.978537,34.233456,8.809090,-22.856159,34.246712,8.601425,-23.238464,34.657864,9.549852,-20.835600,34.771984,10.017356,-19.880369,34.714634,10.669743,-18.866186,34.743141,10.733608,-18.086170,34.787697,10.239397,-19.458748,34.607609,10.114547,-20.031885,35.322712,6.678846,-21.280169,34.577477,7.434199,-21.953316,34.467583,7.672640,-23.025702,34.033382,7.178824,-22.492054,34.168781,7.510559,-23.883568,34.557259,6.851923,-24.336691,35.362190,6.546798,-24.381145,33.828136,6.630618,-24.137079,33.242683,5.921234,-23.468336,32.527962,6.728353,-23.108789,33.143929,6.795487,-22.871813,34.098434,6.020412,-22.806328,34.565018,6.456618,-21.897861,34.625267,7.161450,-22.641386,34.555683,6.860582,-23.342682,34.368172,7.042627,-23.193085,34.654144,6.935821,-24.227396,33.923515,6.247360,-23.098124,33.115223,5.809566,-22.872259,33.750282,6.664807,-22.672401,34.301716,8.918621,-22.855316,34.837406,9.953463,-19.630589,-15.396833,-9.041912,-12.879870,-15.065514,-7.200524,-7.471192,-14.415114,-6.158542,0.084599,-13.680248,-5.245064,4.246355,-12.380432,-5.158187,8.447925,-16.253042,-8.328926,0.498738,-16.614691,-7.491505,5.197415,-16.126291,-7.448127,8.691586,-15.669519,-8.062931,11.750953,-16.212063,-9.120892,-1.399394,-16.248289,-9.084200,4.622909,-15.649576,-9.785919,5.996818,-14.954261,-10.561088,5.876509,-15.970481,-10.113558,-3.657248,-15.724010,-10.162949,1.821067,-14.440022,-10.637301,3.819779,-13.185440,-11.220550,5.125681,-15.453107,-11.175443,-6.309419,-14.941623,-11.325089,-2.145275,-14.017268,-12.346820,-1.082644,-12.914680,-13.458921,-0.254920,-5.193835,-13.595777,15.364964,-14.870611,-11.333912,28.788038,-24.038883,-13.199234,39.272621,-29.046062,-17.326611,42.381813,-33.313293,-15.703268,44.979431,-16.263277,-24.324184,29.960497,-17.263277,-30.504261,31.909348,-21.956314,-31.882513,34.621029,-25.868925,-33.183128,34.930576,-7.684692,-28.533852,20.757151,-10.725860,-34.344318,26.101490,-19.418627,-34.727280,30.250484,-25.354885,-34.445915,31.941608,0.169921,-30.526546,12.194387,-4.134257,-36.485264,17.638746,-14.645271,-37.135429,22.044535,-23.113552,-36.130924,24.650671,7.068334,-31.351011,3.816055,3.481182,-36.067097,6.434850,-1.020590,-36.827648,6.510450,-3.875531,-37.625492,5.297215
33.469109,11.613004,-13.187930,35.803020,18.700796,-14.897998,37.582611,14.044397,-15.881992,-9.941273,20.372984,-26.930193,-3.959724,-15.786512,13.793726,29.887260,22.874586,-13.915683,1.730610,12.484107,-44.700497,-14.586548,-10.471595,-14.352612,8.739329,9.779357,-31.895765,10.556733,5.184036,-23.987631,-3.661387,-2.040123,6.447370,-3.555794,-2.285229,5.812985,5.404644,12.566045,-35.345840,-5.172188,-1.823636,10.826191,-4.566525,-1.754759,12.018587,33.961246,12.308279,-15.036094,33.469090,13.435960,-10.256876,36.680653,14.748554,-5.553345,-13.723965,3.350187,-5.761591,-4.732738,-1.611588,12.029548,-5.136405,-1.686587,11.972503,-4.361369,-1.763746,11.795700,-3.488518,-2.242642,5.539124,-3.635062,-2.220778,5.404097,-3.423087,-2.302596,5.958352,35.125839,14.748432,-12.900123,36.773346,13.507161,-12.469633,38.403961,12.443426,-12.953614,39.759396,11.869621,-14.300585,39.956860,11.553684,-15.102590,39.169540,10.756873,-17.202007,38.170631,8.735756,-18.894104,36.862595,7.498804,-20.730450,36.681583,7.457055,-23.451670,36.650528,9.041272,-22.518524,36.066528,11.014524,-23.151438,36.650669,11.436025,-22.829838,36.123478,12.216454,-22.828304,36.505062,12.312452,-22.324427,36.750504,13.067380,-21.881783,37.499226,13.421375,-19.434738,37.354393,13.542195,-17.247444,35.828125,10.543507,-21.534056,35.688061,10.278039,-22.712776,35.862103,10.551295,-22.251486,35.759411,10.720204,-22.240576,36.152168,11.145132,-22.200182,36.333500,10.215673,-17.747375,36.394962,11.166337,-17.411409,36.305710,11.915946,-16.497446,36.022247,13.041619,-16.098299,35.944115,13.445744,-15.785275,34.942539,9.023407,-20.666641,35.524006,8.412313,-21.055641,35.792286,8.608479,-22.252609,35.870556,8.564530,-23.281595,36.355824,7.874904,-21.997978,36.288845,7.693674,-21.963236,36.141678,7.834493,-22.289186,36.139172,8.305565,-23.164982,36.501221,8.264450,-22.979397,35.733494,8.900507,-22.412746,35.888351,8.969093,-22.161169,35.654758,9.136384,-21.150763,35.688919,9.144658,-21.029612,35.577103,9.149414,-21.866188,35.572674,8.965059,-22.133873,35.944424,9.888037,-19.850409,36.018970,10.336746,-18.976000,35.919426,10.983491,-17.952274,36.007465,11.058008,-17.190376,36.106785,10.561943,-18.577591,35.937984,10.455534,-19.062824,36.688141,6.921581,-21.089094,36.013840,7.697195,-21.731100,35.907951,7.966766,-22.937460,35.443626,7.487504,-22.280504,35.646164,7.898477,-23.688107,35.980907,7.229375,-24.083204,36.795986,6.894495,-24.156982,35.289120,7.000413,-23.899509,34.776711,6.277601,-23.262058,34.011845,7.058175,-22.847519,34.629932,7.086235,-22.724340,35.508873,6.283460,-22.768290,35.966816,6.736143,-21.677273,36.159595,7.443399,-22.415468,36.110413,7.189737,-23.007786,35.944489,7.439186,-22.938166,36.063934,7.285791,-23.995058,35.306229,6.605623,-22.932175,34.467457,6.089586,-22.591961,35.145298,6.894333,-22.618538,35.603962,9.256672,-21.843128,36.103481,10.271358,-18.753050,-16.484812,-10.052209,-13.469477,-16.167086,-8.428879,-7.784653,-15.448307,-7.592495,-0.203495,-14.508785,-6.733631,3.875511,-12.956019,-6.792400,8.330503,-16.858015,-9.831833,1.017971,-17.369141,-8.675732,4.780721,-16.971823,-8.341367,7.914500,-16.500885,-8.760068,10.963964,-16.813322,-10.477099,-1.101643,-17.079737,-10.130485,4.017810,-16.523125,-10.745255,5.296365,-15.765556,-11.520842,5.397430,-16.624887,-11.334468,-3.752427,-16.585230,-11.188780,1.034070,-15.303313,-11.661793,3.035107,-13.989578,-12.324553,4.545390,-16.218235,-12.275448,-6.921468,-15.827881,-12.387650,-3.099744,-14.867886,-13.518905,-1.884548,-13.681892,-14.771278,-0.788485,-3.950957,-15.301211,14.850225,-13.999597,-13.329639,29.166014,-23.587112,-14.766277,40.882233,-29.054670,-18.139095,44.704121,-34.356613,-15.611467,48.417786,-14.627764,-25.081242,29.566166,-14.121612,-30.902781,30.958279,-17.958191,-32.328480,33.631870,-21.332588,-33.415356,34.107460,-5.928827,-28.933689,20.075954,-7.750814,-34.593777,25.267460,-16.106623,-35.733997,29.583822,-21.962034,-36.147808,31.707884,1.933914,-30.805786,11.370646,-1.632983,-36.638184,16.861473,-12.225215,-37.830639,21.294210,-20.958538,-37.253395,24.056389,8.860069,-31.646215,2.916824,5.308707,-36.283176,5.846422,0.450281,-37.383877,6.149960,-2.763312,-38.475101,4.965071
33.765480,11.695821,-13.933614,36.253090,19.136717,-15.218689,37.920582,14.604443,-15.867493,-9.955829,20.576403,-28.739149,-4.486163,-18.523712,14.591764,30.427677,23.124096,-14.952891,2.451442,13.610219,-45.388748,-13.566575,-9.613321,-12.640849,9.113285,10.175532,-34.223602,10.867046,5.742762,-26.381800,-3.700590,-2.475853,5.012950,-3.532322,-2.695841,4.605225,5.829748,12.816891,-37.432041,-4.887732,-2.283977,9.299460,-4.207156,-2.145023,10.616849,34.235748,12.386913,-15.653909,33.735641,13.515573,-10.696857,36.853687,14.782043,-5.175696,-14.005942,2.987819,-5.964632,-4.358483,-2.003312,10.640408,-4.735624,-2.066994,10.599396,-4.014005,-2.151364,10.398025,-3.478125,-2.649886,4.341280,-3.638372,-2.628844,4.208407,-3.386273,-2.712774,4.747959,35.289833,14.788930,-12.849717,36.931656,13.558429,-12.429736,38.536636,12.507573,-12.971227,39.870155,11.951946,-14.334401,40.079163,11.677227,-15.169291,39.239189,10.922372,-17.239758,38.196918,8.886903,-18.930418,36.866142,7.677378,-20.729805,36.638584,7.618927,-23.288467,36.544369,9.186895,-22.248869,35.946892,11.197546,-22.710552,36.599705,11.634623,-22.049673,36.130939,12.448782,-21.759193,36.513489,12.512180,-21.156399,36.800079,13.204421,-20.774139,37.558491,13.474597,-18.316189,37.484329,13.544683,-16.181805,36.062313,10.600578,-21.716000,35.884979,10.321660,-22.766417,36.032116,10.582161,-22.267519,35.944698,10.755774,-22.153309,36.288410,11.163004,-21.999891,36.459618,10.230281,-17.603203,36.473083,11.162556,-17.158060,36.352386,11.902586,-16.085238,36.068203,13.030382,-15.558723,35.968811,13.434886,-15.107639,35.189243,9.101861,-20.545336,35.734631,8.486523,-20.897379,35.940735,8.675091,-22.100668,36.064842,8.647840,-23.262854,36.572338,7.964512,-21.971807,36.495785,7.781471,-21.903303,36.296471,7.917643,-22.168800,36.290478,8.415475,-22.870548,36.679447,8.376678,-22.606304,35.988365,8.970399,-22.598423,36.080204,9.020891,-22.280598,35.841587,9.185993,-21.230537,35.950527,9.211220,-21.106758,35.816204,9.211106,-21.947783,35.801151,9.028073,-22.216541,36.160194,9.950536,-19.301638,36.158859,10.376140,-18.409416,36.053135,11.026940,-17.397713,36.146435,11.098002,-16.559843,36.317017,10.621253,-18.022644,36.135448,10.514091,-18.520008,36.914204,7.012376,-21.454430,36.178513,7.769372,-22.189137,36.021935,8.043962,-23.189928,35.560581,7.592652,-22.382183,35.753597,8.031523,-23.704229,36.166203,7.412710,-23.924234,36.964691,7.088324,-23.785170,35.450108,7.205609,-23.775278,34.871197,6.428360,-23.285429,34.148392,7.195487,-22.966867,34.815784,7.214312,-23.047291,35.737267,6.406101,-23.089890,36.193783,6.830278,-22.072777,36.383293,7.554199,-22.719357,36.298527,7.314546,-23.136883,36.150471,7.589329,-22.861242,36.262749,7.498791,-23.794176,35.311340,6.728760,-22.942831,34.488869,6.198837,-22.722054,35.231815,6.973129,-22.917500,35.810379,9.310694,-21.901831,36.245872,10.310949,-18.208370,-15.870672,-9.292269,-11.963514,-15.558400,-7.754909,-6.527008,-14.742989,-7.129896,0.946908,-13.596053,-6.453267,5.254081,-11.805667,-6.713598,10.022259,-15.744719,-9.798029,3.807647,-16.391682,-8.604917,7.083971,-16.059214,-8.163508,9.851748,-15.594000,-8.507676,12.740261,-15.684567,-10.484654,1.851495,-16.136639,-10.026007,6.094505,-15.583604,-10.497782,7.313672,-14.790858,-11.199692,7.644721,-15.580066,-11.273788,-0.987733,-15.733453,-11.005033,2.831489,-14.431297,-11.363910,4.853367,-13.054574,-11.999290,6.658669,-15.329249,-12.078921,-4.490081,-15.126493,-12.146989,-1.558744,-14.235938,-13.249255,-0.516339,-13.026962,-14.515632,0.762818,-4.747056,-18.233692,15.694988,-15.362441,-16.364082,30.697668,-25.646193,-17.425449,43.134930,-31.461527,-20.216923,47.213875,-37.467373,-17.025038,51.380878,-16.401806,-27.353382,31.563162,-14.458199,-32.569618,32.504330,-17.878677,-33.024509,35.791176,-21.217480,-32.856503,37.020588,-7.707717,-31.093790,21.966320,-8.207643,-36.084412,26.917816,-16.730848,-36.535412,32.175880,-22.864838,-36.374237,35.047512,0.363347,-32.940304,12.904167,-1.578732,-38.265034,17.939928,-12.612772,-38.972534,23.553307,-21.942995,-37.828011,27.304546,7.691354,-33.801937,3.904316,5.328451,-38.075619,6.596478,0.226994,-39.031162,7.696067,-3.466006,-40.004082,7.162921
33.255638,11.461746,-14.781841,36.306202,18.748989,-16.271915,37.727161,14.564777,-16.325193,-10.161788,20.336250,-31.415363,-6.921466,-20.659096,16.691574,30.968794,22.663311,-16.477074,3.784463,12.932252,-45.507111,-12.288199,-8.947671,-11.454017,9.749024,10.040255,-35.449875,11.342335,5.916332,-27.894461,-4.104598,-2.659360,3.756363,-3.859523,-2.856519,3.628599,6.548991,12.674740,-38.558846,-4.986434,-2.711740,7.610388,-4.213810,-2.550028,8.989942,33.763554,12.244278,-16.345160,33.301331,13.370323,-11.543994,36.433239,14.683457,-5.223619,-13.623993,3.008772,-5.662846,-4.350528,-2.413116,9.004472,-4.706856,-2.476492,8.957331,-4.036265,-2.544707,8.794445,-3.812707,-2.791144,3.393192,-3.977583,-2.759112,3.275786,-3.707259,-2.884473,3.754779,34.818237,14.628995,-12.811885,36.472305,13.424953,-12.362423,38.080238,12.383356,-12.944692,39.398849,11.837533,-14.381507,39.616161,11.559903,-15.244081,38.755322,10.805711,-17.346764,37.637672,8.739125,-19.038115,36.250687,7.518920,-20.725225,35.926289,7.449771,-22.974060,35.731735,9.016922,-21.863482,35.144291,11.071688,-22.215111,35.876369,11.541247,-21.175907,35.516907,12.401130,-20.631907,35.920708,12.467838,-20.034849,36.218891,13.128759,-19.707695,36.942429,13.374560,-17.260139,36.889786,13.420914,-15.121350,35.588818,10.470902,-21.495108,35.396519,10.185193,-22.483809,35.542355,10.443549,-21.993729,35.471302,10.618990,-21.818996,35.775982,11.006489,-21.576496,35.950657,10.111059,-17.146643,35.932285,11.027600,-16.650227,35.777493,11.753965,-15.446162,35.488144,12.864440,-14.833502,35.355396,13.255891,-14.327387,34.659760,8.959202,-20.185036,35.158016,8.333586,-20.557077,35.293419,8.489803,-21.749838,35.412468,8.443573,-22.986673,35.947933,7.782585,-21.751579,35.848545,7.595282,-21.644886,35.613129,7.723503,-21.866982,35.597443,8.254731,-22.413675,35.982376,8.222658,-22.081373,35.477112,8.834002,-22.382538,35.570129,8.890402,-22.012440,35.314762,9.058710,-20.892336,35.402138,9.079909,-20.838709,35.219784,9.064530,-21.677784,35.210991,8.873366,-21.965776,35.608654,9.816802,-18.696209,35.613903,10.249035,-17.742361,35.530712,10.904995,-16.659712,35.551643,10.961540,-15.744654,35.732277,10.493340,-17.281937,35.547142,10.376361,-17.898346,36.307201,6.817160,-21.609489,35.509758,7.563226,-22.414181,35.288757,7.828835,-23.146744,34.828873,7.398603,-22.227793,35.000416,7.866890,-23.354418,35.450546,7.305681,-23.488331,36.210411,7.015156,-23.239410,34.675190,7.114814,-23.427818,34.010620,6.264953,-23.079424,33.347542,6.990532,-22.942163,34.065102,6.999639,-23.254539,35.078247,6.209826,-23.225605,35.559326,6.615175,-22.253841,35.711903,7.369728,-22.806587,35.583977,7.143382,-23.048513,35.454983,7.435596,-22.523079,35.563076,7.434370,-23.403828,34.448124,6.559030,-22.691620,33.619411,6.000375,-22.621605,34.425079,6.757018,-22.976992,35.265835,9.175960,-21.561392,35.670319,10.181398,-17.525509,-14.794746,-8.476151,-11.099682,-14.486351,-6.824853,-6.250110,-13.665350,-6.161469,0.548092,-12.341949,-5.527133,4.977495,-10.431259,-5.803547,9.747011,-14.482681,-9.201614,4.297397,-15.050876,-7.942890,7.467938,-14.668344,-7.488925,10.089172,-14.143000,-7.846234,12.916112,-14.375240,-10.006667,2.726477,-14.823186,-9.437751,6.675411,-14.244111,-9.831749,7.924173,-13.441258,-10.501370,8.411153,-14.305739,-10.793221,0.042342,-14.516131,-10.363153,3.351683,-13.159713,-10.621969,5.434633,-11.719174,-11.232514,7.469182,-14.123717,-11.515505,-3.384549,-14.038791,-11.460402,-1.007525,-13.183311,-12.484876,-0.043802,-11.960489,-13.714086,1.327059,-7.431377,-20.461557,17.988407,-18.199474,-18.235830,33.456745,-28.456316,-18.757557,46.294815,-33.836498,-21.196608,50.430695,-39.501152,-17.964485,54.568367,-19.839748,-28.663599,35.429840,-17.060049,-33.312496,36.235996,-20.102547,-32.759342,39.925579,-23.335457,-31.488970,41.581295,-11.437036,-32.528179,25.914963,-11.076241,-36.822701,30.778458,-19.187319,-36.414181,36.297573,-25.018484,-35.689339,39.259338,-3.322013,-34.519585,16.638084,-3.942446,-39.259716,21.497246,-14.698180,-39.116711,28.046015,-23.806297,-37.252659,32.413265,4.309107,-35.572853,7.272953,2.960171,-39.286331,10.170185,-2.012075,-39.765713,12.058295,-5.692580,-40.328777,12.148699
32.649822,11.161636,-15.028460,36.125309,18.063128,-17.646627,37.358753,14.209946,-17.346481,-9.942793,20.064209,-34.227219,-8.715219,-21.913704,17.662985,31.306952,22.086748,-17.892769,5.013537,11.357211,-45.348942,-11.482614,-8.734792,-11.297755,10.106226,9.723668,-36.429176,11.614209,5.741166,-29.043457,-4.275138,-2.692689,2.833436,-3.943614,-2.860169,2.978836,6.897302,12.493806,-39.586544,-4.950260,-2.899328,6.440143,-4.110568,-2.701285,7.878469,33.233295,12.059497,-16.589983,32.829399,13.195344,-11.967935,35.908382,14.552276,-5.510949,-12.964140,3.102689,-5.058287,-4.238576,-2.567548,7.889199,-4.582145,-2.633360,7.839232,-3.942698,-2.687938,7.699152,-3.899618,-2.782298,2.762354,-4.065180,-2.743800,2.651578,-3.789057,-2.894382,3.097547,34.264256,14.441426,-12.568978,35.928387,13.259257,-12.065979,37.533424,12.218339,-12.665121,38.812401,11.670651,-14.140491,39.022194,11.376064,-14.906095,38.180450,10.612854,-17.019400,36.999725,8.517062,-18.685677,35.609444,7.272182,-20.243195,35.187092,7.198854,-22.258839,34.888294,8.781520,-21.040861,34.302322,10.869872,-21.393829,35.071766,11.362923,-20.088768,34.821098,12.269286,-19.353525,35.251717,12.362266,-18.788673,35.558777,13.014447,-18.436111,36.264904,13.257524,-15.989195,36.228844,13.289191,-13.810414,35.097210,10.332303,-20.743376,34.928570,10.054538,-21.708002,35.109131,10.325274,-21.234299,35.056732,10.502788,-21.018900,35.347324,10.879574,-20.701813,35.535061,10.013334,-16.201183,35.508358,10.922731,-15.665993,35.317444,11.634937,-14.346980,34.992775,12.723090,-13.674808,34.793003,13.092081,-13.182091,34.037872,8.781236,-19.292498,34.503780,8.146622,-19.743151,34.587406,8.269635,-20.925104,34.690411,8.197672,-22.176027,35.198536,7.543296,-21.085314,35.071056,7.350485,-20.951843,34.826038,7.476450,-21.144957,34.812958,8.041127,-21.581202,35.159351,8.014519,-21.173565,34.893848,8.667292,-21.645947,35.049099,8.747064,-21.197420,34.767059,8.918122,-19.944418,34.745422,8.914317,-19.985260,34.495865,8.875786,-20.859888,34.507576,8.676102,-21.224350,34.987896,9.657680,-17.803078,35.073952,10.117105,-16.733706,35.028858,10.784826,-15.504773,34.924110,10.816537,-14.527638,35.058441,10.343715,-16.139893,34.871170,10.211106,-16.933750,35.537113,6.546659,-21.192995,34.746571,7.296698,-22.021486,34.478477,7.552669,-22.495680,34.011005,7.141720,-21.521700,34.152004,7.635147,-22.424400,34.583824,7.121982,-22.539421,35.251278,6.858440,-22.352274,33.715839,6.938139,-22.619406,32.990490,6.014410,-22.373175,32.373653,6.694546,-22.357548,33.123341,6.690965,-22.862497,34.234707,5.923785,-22.783203,34.753983,6.312863,-21.869249,34.897461,7.116702,-22.266741,34.737350,6.903535,-22.394556,34.627251,7.203620,-21.716700,34.685322,7.286615,-22.597168,33.474178,6.314255,-21.929255,32.605476,5.720698,-21.970964,33.468117,6.467084,-22.401829,34.667778,9.019538,-20.651505,35.071091,10.042341,-16.477770,-14.026999,-7.966671,-11.397511,-13.748040,-6.070598,-7.191303,-13.021587,-5.207636,-1.298829,-11.604629,-4.517799,3.155336,-9.728443,-4.691761,7.803453,-13.748632,-8.590624,2.887271,-14.115556,-7.270365,6.103124,-13.600594,-6.858085,8.710666,-12.952065,-7.291889,11.580029,-13.538660,-9.574391,1.816669,-13.880407,-8.879585,5.750037,-13.208139,-9.236741,7.106368,-12.349098,-9.915667,7.749731,-13.434675,-10.424469,-0.521619,-13.635460,-9.773396,2.481983,-12.168806,-9.921371,4.665326,-10.622773,-10.502578,6.925331,-13.221738,-11.119126,-3.665539,-13.218797,-10.878838,-1.653454,-12.349004,-11.794271,-0.678257,-11.090772,-12.953486,0.768783,-9.355392,-21.883329,19.166212,-19.991533,-19.405432,34.813782,-29.899986,-19.553703,47.849957,-34.502289,-21.919184,51.999928,-39.411285,-19.224230,56.023571,-22.385752,-29.146132,38.207817,-19.211723,-33.340771,39.089836,-21.927355,-31.979998,43.062317,-25.074041,-29.852058,44.997158,-14.486508,-32.990993,28.934244,-13.431836,-36.841747,33.640335,-20.616282,-35.948727,38.878101,-25.785740,-34.982464,41.613811,-6.565792,-35.044609,19.663258,-5.919327,-39.437820,24.261471,-15.716168,-38.761723,31.336315,-24.132387,-36.528397,36.139317,1.136977,-36.266953,10.236434,0.748449,-39.552814,13.334626,-3.701139,-39.646900,15.726362,-6.987207,-39.864632,16.276075
32.438663,10.877855,-15.166297,35.766827,17.021168,-18.557978,36.871754,13.614513,-18.090357,-9.667695,20.141665,-34.791035,-9.867478,-21.626736,17.521948,31.398140,21.198668,-18.349476,6.371431,9.836774,-44.230297,-11.607922,-9.185736,-11.522672,10.409396,9.085971,-36.074165,11.827986,5.192893,-28.835030,-4.060634,-2.689931,2.267505,-3.655383,-2.829966,2.586626,7.206735,12.114295,-39.357380,-4.629320,-2.891521,5.759085,-3.763752,-2.643757,7.202790,32.971523,11.910002,-16.859047,32.616791,13.053553,-12.357495,35.450752,14.420961,-6.214332,-11.830672,3.593300,-3.903236,-3.888089,-2.509970,7.211061,-4.223272,-2.574075,7.159165,-3.599724,-2.629030,7.035645,-3.613408,-2.753533,2.383104,-3.779146,-2.718949,2.276476,-3.499908,-2.860559,2.700532,33.873848,14.304076,-12.821016,35.546856,13.107099,-12.187405,37.170425,12.030252,-12.673093,38.440712,11.436861,-14.049299,38.696022,11.088746,-14.588513,37.969875,10.275849,-16.659260,36.822910,8.130300,-18.274950,35.564400,6.815397,-19.769260,35.137272,6.700997,-21.715202,34.718323,8.308667,-20.417244,34.060963,10.403628,-20.900436,34.778336,10.929271,-19.566402,34.570709,11.901193,-18.802176,34.992188,12.073830,-18.397774,35.289467,12.803324,-18.064325,35.947525,13.126454,-15.656286,35.884075,13.215920,-13.490730,34.892994,10.281657,-20.617489,34.764519,10.031940,-21.533300,34.982834,10.326763,-21.070034,34.959087,10.505193,-20.797184,35.236568,10.873910,-20.432467,35.436245,10.008532,-15.978703,35.409500,10.927826,-15.435351,35.201202,11.632715,-14.057840,34.846039,12.697298,-13.364515,34.590492,13.032383,-12.897500,33.767307,8.634644,-18.928503,34.235619,7.976351,-19.378580,34.335442,8.060936,-20.487450,34.463047,7.952512,-21.703449,34.918056,7.259247,-20.792707,34.780087,7.055897,-20.629959,34.548134,7.181799,-20.743448,34.533100,7.761930,-21.165806,34.827484,7.747039,-20.732368,34.628296,8.553434,-21.458014,34.827778,8.650327,-20.931040,34.526733,8.815321,-19.561745,34.410984,8.784254,-19.648832,34.114792,8.729957,-20.558613,34.145035,8.528095,-21.006845,34.718384,9.539309,-17.621815,34.861984,10.026668,-16.480495,34.848358,10.699867,-15.149311,34.660442,10.716998,-14.138053,34.749184,10.226844,-15.788802,34.559082,10.081598,-16.716152,35.315262,6.158239,-21.062155,34.536720,6.944357,-21.805281,34.221027,7.193694,-22.092928,33.762695,6.778032,-21.125042,33.885674,7.298179,-21.860102,34.305595,6.799887,-21.996828,34.877415,6.553456,-21.892342,33.443066,6.587059,-22.150431,32.722721,5.626638,-21.940893,32.143688,6.274514,-21.954359,32.887363,6.264610,-22.568178,34.029430,5.511463,-22.488829,34.522308,5.899112,-21.758772,34.638420,6.750664,-21.934801,34.468884,6.552483,-22.014936,34.370392,6.862026,-21.255253,34.404999,6.982140,-22.143135,33.213169,5.965219,-21.469999,32.299988,5.314792,-21.579155,33.181328,6.069478,-22.006254,34.377426,8.905372,-20.310221,34.818890,9.943947,-16.204216,-14.119710,-8.155455,-12.161441,-13.957108,-6.126301,-8.330205,-13.419485,-5.094764,-3.122252,-12.054062,-4.335400,1.353228,-10.329581,-4.439630,6.013801,-14.097239,-8.458163,0.921634,-14.310173,-7.142133,4.198272,-13.717910,-6.759406,6.619481,-13.002354,-7.224177,9.312633,-13.760004,-9.493368,0.121298,-14.002308,-8.765222,4.114108,-13.271225,-9.122414,5.308153,-12.376393,-9.808548,5.803119,-13.557260,-10.362411,-1.971765,-13.725780,-9.593433,0.891859,-12.180169,-9.664038,2.915635,-10.565731,-10.204475,5.104929,-13.232882,-11.024063,-4.898409,-13.266638,-10.669629,-3.074867,-12.374310,-11.513886,-2.221498,-11.094271,-12.604141,-0.889482,-10.435082,-21.793629,19.006962,-20.632179,-19.282806,34.088215,-29.930143,-19.230040,46.632927,-33.992813,-21.442089,50.689556,-38.421867,-19.055923,54.776134,-23.055140,-28.416042,37.843063,-19.976976,-32.184135,38.903805,-22.440119,-30.402769,42.936825,-25.396156,-27.862577,44.909706,-15.775665,-31.929459,29.100924,-14.506959,-35.300404,33.584793,-20.591553,-34.414295,38.164040,-24.939003,-33.680908,40.505600,-8.409250,-33.810810,20.347677,-7.130198,-37.831917,24.686123,-15.659537,-37.093880,31.620251,-23.164621,-34.978531,36.424801,-1.103052,-35.047161,11.495388,-0.999592,-37.958565,14.647477,-4.810325,-37.956776,17.081623,-7.570218,-38.133339,17.721544
32.449821,10.593861,-15.443357,35.398399,15.941010,-18.734209,36.359070,13.033336,-18.046583,-10.121991,20.621384,-32.924042,-10.763660,-20.021845,17.502157,31.369335,20.158234,-18.022558,7.523268,8.935661,-42.680016,-12.396201,-10.059428,-11.955288,10.785736,8.408378,-34.567890,12.082988,4.669894,-27.528603,-3.666080,-2.766045,1.894037,-3.219915,-2.886935,2.277852,7.652718,11.664165,-37.925240,-4.177119,-2.865340,5.253563,-3.308492,-2.568747,6.656035,32.843842,11.777007,-17.229000,32.474537,12.898746,-12.804944,35.091072,14.292291,-6.902997,-10.468190,4.319757,-2.489881,-3.430406,-2.433095,6.659784,-3.757373,-2.490339,6.604198,-3.146082,-2.556361,6.501378,-3.181998,-2.820345,2.087323,-3.349989,-2.796111,1.987916,-3.062410,-2.908005,2.384033,33.627651,14.201800,-13.454571,35.313049,12.966006,-12.683595,36.980179,11.829711,-13.005889,38.286926,11.162595,-14.213967,38.638187,10.740314,-14.513106,38.078274,9.848839,-16.521812,37.051006,7.628337,-18.097410,35.983318,6.211728,-19.619930,35.627857,6.010964,-21.652960,35.072407,7.633340,-20.356712,34.287258,9.721650,-21.017948,34.871021,10.295081,-19.831303,34.618832,11.344883,-19.159758,34.976372,11.628355,-18.960211,35.232922,12.490221,-18.674849,35.810421,12.955135,-16.301075,35.682808,13.155315,-14.178701,34.840714,10.279114,-21.147448,34.732693,10.061381,-22.004866,34.959110,10.377885,-21.564589,34.959080,10.554812,-21.252834,35.211639,10.911383,-20.894093,35.408005,10.032501,-16.539280,35.371548,10.967893,-16.017532,35.157169,11.668892,-14.642982,34.784458,12.706069,-13.974385,34.505295,13.001686,-13.531359,33.673424,8.482530,-19.279236,34.167179,7.789605,-19.646290,34.340809,7.833523,-20.683920,34.529655,7.680728,-21.875170,34.960640,6.930035,-21.097919,34.829750,6.712867,-20.912508,34.609879,6.832700,-20.937010,34.578354,7.412501,-21.414845,34.831226,7.413691,-20.999689,34.543766,8.465085,-21.898041,34.743408,8.565399,-21.339787,34.430801,8.716491,-19.920631,34.272652,8.663457,-20.018654,33.965725,8.605857,-20.936428,34.010921,8.409116,-21.421486,34.622513,9.424571,-18.208971,34.767963,9.931080,-17.067104,34.764156,10.598162,-15.705759,34.554863,10.613688,-14.699512,34.628067,10.102615,-16.350161,34.440331,9.951006,-17.338409,35.520489,5.698370,-21.462801,34.707600,6.528975,-22.071026,34.335491,6.766352,-22.281702,33.899540,6.321043,-21.349386,34.021397,6.865887,-22.015038,34.453442,6.356993,-22.198345,34.983315,6.125925,-22.110125,33.719509,6.095613,-22.318819,33.062267,5.142239,-22.090654,32.519764,5.770985,-22.082775,33.237473,5.768360,-22.727379,34.339859,5.026498,-22.653824,34.742680,5.427803,-22.148346,34.794510,6.299050,-22.139847,34.629547,6.110009,-22.220074,34.527893,6.430231,-21.435312,34.586224,6.546700,-22.330929,33.496181,5.536823,-21.635830,32.562626,4.818495,-21.752039,33.430122,5.601725,-22.158064,34.255764,8.803545,-20.689301,34.714619,9.842321,-16.800987,-14.860679,-8.913005,-13.033863,-14.847662,-6.923998,-9.287648,-14.497121,-5.842790,-4.405171,-13.239596,-5.049376,0.126583,-11.654615,-5.169003,4.944258,-15.153182,-8.895379,-0.803972,-15.287682,-7.596649,2.505266,-14.687010,-7.188193,4.613278,-13.971515,-7.603858,6.977350,-14.723543,-9.834484,-1.616921,-14.900972,-9.126199,2.416736,-14.168892,-9.501071,3.261360,-13.280015,-10.184088,3.410323,-14.416140,-10.649499,-3.670578,-14.539958,-9.870648,-0.810540,-12.965338,-9.923336,0.904806,-11.335891,-10.441516,2.832387,-13.973169,-11.255160,-6.561913,-13.997453,-10.872709,-4.772239,-13.084357,-11.710836,-4.110681,-11.796540,-12.775090,-2.978201,-11.112882,-20.296289,18.750885,-20.626724,-17.882025,32.735031,-29.136091,-17.826683,44.242176,-32.997772,-19.875040,48.073940,-37.334213,-17.553446,52.356628,-22.314201,-26.661680,35.596634,-19.542912,-30.068762,36.694023,-21.796700,-28.211128,40.555424,-24.469034,-25.653288,42.362968,-15.642265,-29.706942,27.567892,-14.497822,-32.581543,31.745600,-19.674295,-32.012360,35.593483,-23.298517,-31.788967,37.509083,-8.997334,-31.296415,19.658237,-7.694768,-34.904934,23.762486,-15.128427,-34.356831,30.103458,-21.787798,-32.588173,34.522480,-2.375341,-32.435707,11.760743,-2.226030,-35.023151,14.816949,-5.546294,-35.115509,16.979856,-7.870777,-35.447086,17.394802
32.470192,10.394865,-15.544603,35.179752,15.285125,-18.599800,36.028473,12.709538,-17.734232,-10.757812,21.165829,-31.158855,-10.946317,-18.653608,17.392244,31.343399,19.467384,-17.617987,8.192595,8.424768,-41.505714,-13.174445,-10.753892,-12.727890,11.027528,8.053414,-33.380318,12.251065,4.427351,-26.455664,-3.262084,-2.884700,1.733998,-2.794626,-2.991141,2.146363,7.944354,11.425764,-36.770786,-3.756799,-2.829910,5.035245,-2.890597,-2.483530,6.423889,32.783672,11.690826,-17.357443,32.368759,12.782551,-12.976748,34.915134,14.216357,-7.176555,-9.434441,4.745506,-1.387784,-3.012296,-2.345411,6.426793,-3.334797,-2.396173,6.370745,-2.727479,-2.475931,6.275784,-2.760883,-2.937752,1.962329,-2.931852,-2.925637,1.866553,-2.634836,-3.000815,2.248771,33.512901,14.145023,-13.741306,35.218918,12.884900,-12.900037,36.932251,11.712403,-13.133719,38.279991,10.995296,-14.228019,38.710754,10.525206,-14.370571,38.275295,9.576675,-16.360128,37.354019,7.300594,-17.930809,36.426254,5.814570,-19.511217,36.123779,5.547452,-21.695524,35.464123,7.173735,-20.381857,34.565868,9.250702,-21.179510,35.014912,9.850081,-20.166891,34.689198,10.946702,-19.587816,34.975075,11.304204,-19.513865,35.190945,12.258547,-19.227720,35.716072,12.825722,-16.846323,35.541794,13.103377,-14.728312,34.850174,10.293006,-21.451508,34.750725,10.097063,-22.288631,34.974117,10.426439,-21.878485,34.984344,10.600933,-21.558586,35.220211,10.948895,-21.219442,35.402214,10.053141,-16.885248,35.355869,10.998883,-16.384296,35.133377,11.695725,-15.027266,34.740314,12.709771,-14.396198,34.445427,12.975953,-13.985636,33.610821,8.369543,-19.528881,34.130249,7.654965,-19.853893,34.365620,7.674338,-20.870132,34.600883,7.491468,-22.059212,35.037395,6.705213,-21.366970,34.908524,6.477539,-21.170732,34.693443,6.590511,-21.161751,34.651604,7.167522,-21.692173,34.873730,7.177906,-21.284025,34.517643,8.410734,-22.180710,34.725292,8.515733,-21.605143,34.401184,8.654632,-20.148384,34.199730,8.579360,-20.266348,33.888611,8.520334,-21.193506,33.949059,8.330081,-21.701122,34.564831,9.340000,-18.652870,34.720882,9.863441,-17.513485,34.715698,10.523687,-16.118475,34.485390,10.534989,-15.138103,34.543583,10.006631,-16.782236,34.363037,9.852250,-17.813299,35.760067,5.398140,-21.798719,34.904072,6.253749,-22.298777,34.486465,6.478886,-22.496740,34.056263,6.006852,-21.589041,34.185028,6.568774,-22.236944,34.627037,6.048850,-22.470253,35.147415,5.830565,-22.379465,34.027260,5.761779,-22.539993,33.445110,4.827321,-22.289242,32.923309,5.446789,-22.232489,33.618729,5.451067,-22.881046,34.673450,4.713766,-22.813553,34.992779,5.123573,-22.458078,34.990692,5.996519,-22.328402,34.829388,5.810678,-22.427086,34.724854,6.138522,-21.664562,34.799309,6.246995,-22.566338,33.810707,5.257467,-21.843111,32.864681,4.490119,-21.943745,33.722187,5.296957,-22.329046,34.207397,8.738491,-20.942402,34.654964,9.767770,-17.256134,-15.592752,-9.554426,-14.097640,-15.703636,-7.627713,-10.415248,-15.496002,-6.531836,-5.762422,-14.322420,-5.696294,-1.270893,-12.827559,-5.819567,3.616481,-16.109440,-9.359851,-2.411501,-16.199123,-8.031877,0.834723,-15.591488,-7.575645,2.729905,-14.871368,-7.943204,4.909656,-15.608858,-10.207374,-3.240414,-15.749600,-9.468251,0.736320,-15.009734,-9.847372,1.372898,-14.113710,-10.537974,1.339756,-15.220463,-10.971018,-5.283255,-15.313596,-10.159266,-2.474437,-13.720108,-10.210953,-0.925217,-12.080256,-10.734784,0.878127,-14.690906,-11.532206,-8.181705,-14.703763,-11.117088,-6.433387,-13.771150,-11.966772,-5.862978,-12.474998,-13.038311,-4.810800,-11.096774,-18.997095,18.445908,-20.093914,-16.760387,31.650715,-28.052973,-16.846552,42.441910,-31.812597,-18.906397,46.080460,-36.159882,-16.766092,50.525230,-21.121632,-25.364212,33.565948,-18.439537,-28.577660,34.531708,-20.537996,-26.743025,38.263435,-23.027397,-24.243683,40.006947,-14.821801,-28.041607,26.008421,-13.693631,-30.677881,29.895239,-18.318195,-30.465422,33.277481,-21.492367,-30.678318,34.935936,-8.670506,-29.381037,18.696627,-7.361522,-32.777214,22.561497,-14.114935,-32.481327,28.398962,-20.240036,-31.042379,32.486851,-2.550377,-30.391193,11.484962,-2.409637,-32.818027,14.388229,-5.444773,-33.044006,16.272058,-7.503960,-33.528698,16.414125
32.553886,10.271289,-15.407824,35.333717,14.868618,-18.312386,36.057152,12.593274,-17.279240,-11.386099,21.910669,-29.695093,-11.025263,-17.527493,17.152645,31.657066,19.011593,-17.149483,8.834273,8.337637,-40.644386,-13.858841,-11.295218,-13.729442,11.287805,7.963939,-32.675228,12.466337,4.404988,-25.798479,-2.945318,-3.015079,1.762444,-2.463274,-3.112357,2.189657,8.220791,11.409300,-36.077442,-3.463480,-2.802457,5.117886,-2.598773,-2.413499,6.524350,32.833599,11.663901,-17.196991,32.371105,12.725619,-12.885901,34.995087,14.235391,-7.126493,-8.672608,5.071960,-0.517579,-2.722764,-2.272411,6.529849,-3.045160,-2.317737,6.476227,-2.432287,-2.411324,6.376030,-2.432424,-3.071924,2.004032,-2.606642,-3.071026,1.906530,-2.301120,-3.111388,2.293756,33.580135,14.168298,-13.651035,35.314819,12.887842,-12.795370,37.075718,11.688272,-13.001797,38.467106,10.930943,-14.039936,38.966862,10.432470,-14.080035,38.625866,9.442417,-16.097298,37.781517,7.118288,-17.687757,36.952030,5.577686,-19.342358,36.685291,5.256576,-21.709780,35.948757,6.884593,-20.354160,34.958942,8.951872,-21.250021,35.284775,9.557049,-20.409534,34.878304,10.678736,-19.905912,35.095291,11.089487,-19.889931,35.272655,12.115055,-19.557449,35.760731,12.758496,-17.133266,35.550018,13.094126,-14.992384,34.961830,10.345948,-21.407558,34.855873,10.162912,-22.237177,35.066353,10.498653,-21.853977,35.078259,10.669240,-21.547762,35.303394,11.012101,-21.227421,35.474075,10.095899,-16.911289,35.420574,11.050438,-16.435030,35.193867,11.745017,-15.108871,34.787315,12.743001,-14.514051,34.483456,12.987869,-14.129683,33.626923,8.305455,-19.517710,34.168079,7.575459,-19.826675,34.449814,7.578594,-20.858467,34.720299,7.375218,-22.061817,35.188423,6.567930,-21.461761,35.057499,6.331353,-21.261820,34.842941,6.437760,-21.251854,34.799858,7.013652,-21.826521,34.994362,7.028200,-21.414879,34.599735,8.407625,-22.163755,34.814293,8.515675,-21.574141,34.477715,8.641827,-20.087408,34.234673,8.544755,-20.232216,33.923798,8.486416,-21.172758,33.998634,8.304580,-21.691582,34.610310,9.305843,-18.812281,34.781654,9.844076,-17.681494,34.774315,10.498212,-16.251305,34.527695,10.504704,-15.309276,34.571220,9.960868,-16.939575,34.393658,9.805483,-18.000822,36.078339,5.219216,-21.986412,35.177727,6.089325,-22.377935,34.716347,6.301568,-22.588594,34.285091,5.807106,-21.688179,34.422848,6.382022,-22.340511,34.875809,5.849277,-22.632574,35.404549,5.639603,-22.547369,34.407242,5.551909,-22.664082,33.896523,4.642167,-22.387756,33.381676,5.257478,-22.272083,34.060001,5.264626,-22.913725,35.072796,4.527299,-22.860193,35.316055,4.944080,-22.615746,35.272369,5.812213,-22.372953,35.113228,5.627582,-22.493855,35.005848,5.961012,-21.781572,35.093201,6.055213,-22.696928,34.189255,5.094459,-21.939621,33.230843,4.287786,-22.019186,34.083572,5.113788,-22.380764,34.268841,8.723214,-20.901970,34.704388,9.740889,-17.434631,-16.251049,-10.060597,-15.333739,-16.467432,-8.187791,-11.706219,-16.386557,-7.102816,-7.237745,-15.303225,-6.237669,-2.844386,-13.900890,-6.364299,2.044929,-16.973059,-9.794593,-4.028249,-17.031645,-8.443091,-0.870906,-16.407015,-7.932040,0.841057,-15.668200,-8.250912,2.884640,-16.409084,-10.575800,-4.848737,-16.525881,-9.803004,-0.976585,-15.763862,-10.163613,-0.523412,-14.846232,-10.847632,-0.699342,-15.945939,-11.303301,-6.871049,-16.015255,-10.457911,-4.160169,-14.397346,-10.495573,-2.751211,-12.744455,-11.017167,-1.048618,-15.336203,-11.830316,-9.777214,-15.335170,-11.388618,-8.094453,-14.379675,-12.243686,-7.599794,-13.076985,-13.322389,-6.610227,-10.999833,-17.948053,18.088394,-19.627863,-15.947458,30.698483,-27.200523,-16.280130,40.952187,-30.853371,-18.483427,44.376381,-35.188522,-16.606453,48.878517,-20.139538,-24.557255,31.764156,-17.394321,-27.684608,32.486000,-19.354836,-25.889875,36.107944,-21.713455,-23.456861,37.847507,-14.064327,-26.929077,24.527712,-12.864435,-29.460361,28.066944,-17.079094,-29.546675,31.077868,-19.902832,-30.098789,32.548275,-8.250915,-28.039782,17.649126,-6.903769,-31.334417,21.237940,-13.184438,-31.261843,26.666351,-18.929804,-30.090578,30.491411,-2.486041,-28.900517,10.938231,-2.366522,-31.254272,13.669498,-5.217832,-31.613523,15.296014,-7.088953,-32.240856,15.174155
32.579632,10.158742,-15.026160,35.876232,14.599327,-17.926420,36.443619,12.685539,-16.651018,-12.027815,22.883121,-28.618006,-11.176554,-16.553110,16.589256,32.364384,18.666771,-16.648228,9.773368,8.728740,-40.017086,-14.409457,-11.649176,-14.999582,11.659343,8.133378,-32.434158,12.797783,4.633177,-25.570021,-2.801242,-3.136113,2.066165,-2.308650,-3.233958,2.492055,8.588088,11.617614,-35.828175,-3.407406,-2.792619,5.628260,-2.540981,-2.380275,7.085058,32.853004,11.638154,-16.718266,32.349361,12.669997,-12.588387,35.194248,14.306095,-6.756555,-8.146287,5.398664,0.106435,-2.670987,-2.236169,7.096302,-2.998992,-2.277361,7.047643,-2.367685,-2.383487,6.927874,-2.278239,-3.204751,2.294037,-2.454852,-3.212411,2.187663,-2.145094,-3.224908,2.604948,33.690712,14.215386,-13.156671,35.460514,12.923371,-12.327264,37.275028,11.709379,-12.549989,38.719532,10.927772,-13.590159,39.290977,10.423622,-13.571877,39.030411,9.412097,-15.676232,38.238583,7.041871,-17.318283,37.483101,5.454065,-19.070858,37.241268,5.080634,-21.672525,36.444038,6.701412,-20.270769,35.374737,8.752844,-21.244970,35.578457,9.341995,-20.582069,35.079639,10.471208,-20.136908,35.223949,10.924324,-20.127426,35.360367,12.006812,-19.706482,35.817493,12.711447,-17.211990,35.573681,13.092282,-15.027314,35.035954,10.383909,-20.984917,34.907898,10.202787,-21.815643,35.098824,10.539001,-21.459639,35.105843,10.704501,-21.193762,35.324799,11.044115,-20.900660,35.486351,10.114745,-16.652426,35.429401,11.076650,-16.210485,35.205128,11.771712,-14.939567,34.792355,12.757731,-14.380551,34.485790,12.986699,-14.013930,33.590168,8.237079,-19.225843,34.151234,7.497690,-19.534006,34.473087,7.490724,-20.618437,34.774460,7.273307,-21.853172,35.301830,6.461460,-21.374653,35.165039,6.217981,-21.179182,34.948906,6.318712,-21.183638,34.912476,6.897048,-21.799353,35.076942,6.912417,-21.377871,34.658756,8.406029,-21.815746,34.875118,8.515326,-21.217258,34.524235,8.629750,-19.712534,34.242008,8.511942,-19.888229,33.937683,8.456203,-20.844263,34.026775,8.282356,-21.363810,34.630787,9.274258,-18.698009,34.816833,9.825590,-17.592144,34.807701,10.474588,-16.133268,34.551659,10.477863,-15.247237,34.582047,9.921236,-16.847582,34.403450,9.763844,-17.923042,36.380352,5.109571,-22.021671,35.435474,5.985085,-22.297590,34.925667,6.180366,-22.532280,34.493099,5.668759,-21.624250,34.635323,6.250418,-22.301971,35.101868,5.706779,-22.658503,35.650742,5.504746,-22.592508,34.760353,5.413162,-22.671650,34.318237,4.532265,-22.361649,33.797829,5.144122,-22.181103,34.463875,5.149850,-22.806322,35.444763,4.411787,-22.773695,35.617138,4.831905,-22.629202,35.549789,5.695214,-22.254301,35.392769,5.510889,-22.396761,35.281555,5.848572,-21.765924,35.367996,5.923186,-22.691162,34.524834,4.991069,-21.898178,33.549366,4.150747,-21.953712,34.403130,4.992870,-22.292639,34.303680,8.708751,-20.538193,34.729408,9.715517,-17.359074,-16.802980,-10.388552,-16.793442,-17.120996,-8.571008,-13.203068,-17.173208,-7.533370,-8.872406,-16.216429,-6.663669,-4.632737,-14.941730,-6.802465,0.207151,-17.767403,-10.153796,-5.768279,-17.818178,-8.811910,-2.702760,-17.163031,-8.240321,-1.187852,-16.386448,-8.500835,0.708054,-17.140642,-10.887470,-6.567727,-17.254282,-10.102270,-2.831984,-16.447668,-10.407584,-2.598179,-15.488114,-11.049206,-2.944929,-16.599524,-11.589713,-8.556482,-16.662457,-10.726548,-5.989782,-15.007032,-10.714680,-4.762028,-13.334139,-11.199708,-3.209483,-15.905445,-12.084764,-11.467200,-15.897238,-11.638257,-9.880338,-14.915377,-12.480941,-9.494231,-13.608052,-13.549651,-8.605728,-10.988971,-17.057590,17.510315,-19.320309,-15.376249,29.623798,-26.629009,-16.061825,39.478912,-30.184361,-18.509037,42.684128,-34.491276,-16.962763,47.176338,-19.523605,-24.149225,30.049995,-16.578951,-27.260649,30.450096,-18.393843,-25.482565,33.955151,-20.641602,-23.090088,35.712070,-13.624164,-26.237101,23.054024,-12.232483,-28.748861,26.147142,-16.066031,-29.036345,28.792189,-18.564909,-29.816963,30.097076,-8.073109,-27.121761,16.494957,-6.604861,-30.401247,19.711496,-12.493254,-30.518211,24.755854,-17.937307,-29.567764,28.343069,-2.573187,-27.812693,10.131482,-2.444972,-30.167683,12.611862,-5.131975,-30.681129,13.942661,-6.836608,-31.478710,13.533146
32.378880,9.982639,-14.448608,36.663239,14.452941,-17.488302,37.037701,12.978981,-15.856615,-12.879614,23.915819,-28.108759,-11.522509,-15.782722,15.710820,33.338997,18.357412,-16.184504,11.144861,9.552529,-39.526981,-14.721726,-11.744143,-16.374609,12.142683,8.570759,-32.588764,13.232937,5.150955,-25.729366,-2.866328,-3.244847,2.610868,-2.364944,-3.354586,3.018904,9.065173,12.038547,-35.943974,-3.623758,-2.818398,6.518164,-2.749279,-2.407450,8.048363,32.660824,11.535360,-15.955609,32.126987,12.536561,-12.167120,35.310585,14.349724,-6.112196,-7.848719,5.725377,0.424249,-2.888623,-2.260767,8.067772,-3.227172,-2.299167,8.025774,-2.566307,-2.415272,7.874593,-2.332611,-3.333837,2.798712,-2.510267,-3.346434,2.676808,-2.201317,-3.341077,3.147049,33.660656,14.199936,-12.310705,35.464222,12.913314,-11.529043,37.334732,11.705525,-11.793237,38.840286,10.927334,-12.888784,39.489147,10.444170,-12.838712,39.305172,9.438414,-15.085405,38.550526,7.027262,-16.814730,37.860176,5.402428,-18.690914,37.640648,4.976042,-21.578167,36.795784,6.573997,-20.149427,35.651325,8.592643,-21.201338,35.727997,9.142598,-20.725296,35.121357,10.262243,-20.323349,35.184273,10.748438,-20.283596,35.275406,11.870949,-19.739334,35.703125,12.623766,-17.160036,35.426773,13.035750,-14.916881,34.900497,10.330878,-20.234604,34.738365,10.138109,-21.071573,34.907532,10.467986,-20.745695,34.903770,10.627342,-20.546879,35.119137,10.962629,-20.299051,35.269016,10.040436,-16.189180,35.213451,11.006291,-15.793330,34.998070,11.704143,-14.605029,34.584812,12.678687,-14.084740,34.280212,12.895197,-13.728179,33.334579,8.096598,-18.701305,33.912029,7.355426,-19.016397,34.272415,7.344300,-20.187836,34.604073,7.118123,-21.474802,35.213032,6.322765,-21.142641,35.067692,6.076370,-20.962269,34.850315,6.173203,-20.983795,34.825653,6.757939,-21.642319,34.955971,6.772188,-21.206930,34.521805,8.335245,-21.182018,34.734623,8.445222,-20.582642,34.366550,8.552093,-19.072052,34.045071,8.414541,-19.276880,33.754082,8.362075,-20.252514,33.858875,8.192629,-20.765779,34.453098,9.175399,-18.370960,34.651112,9.738743,-17.309620,34.640297,10.384504,-15.833213,34.379303,10.386742,-15.023029,34.397934,9.822050,-16.573969,34.216873,9.658854,-17.646610,36.506058,5.018939,-21.913422,35.516014,5.888514,-22.077106,34.950520,6.059010,-22.341799,34.519775,5.537654,-21.420542,34.657455,6.115517,-22.147141,35.143406,5.569975,-22.566223,35.722958,5.381623,-22.530420,34.927620,5.297863,-22.575434,34.555450,4.448160,-22.222168,34.019066,5.055011,-21.970034,34.676956,5.056530,-22.566034,35.633152,4.319223,-22.554014,35.737526,4.733540,-22.515589,35.662205,5.593438,-21.991173,35.508766,5.408168,-22.158377,35.392651,5.747669,-21.639860,35.461559,5.805156,-22.558178,34.659660,4.893368,-21.732880,33.659599,4.027143,-21.756636,34.520275,4.882605,-22.074453,34.137917,8.627423,-19.899145,34.553020,9.623780,-17.093813,-17.141865,-10.462801,-18.290501,-17.571224,-8.714653,-14.733878,-17.776602,-7.765195,-10.514716,-16.992205,-6.922397,-6.484784,-15.891421,-7.086358,-1.739690,-18.406610,-10.362403,-7.509749,-18.479078,-9.070623,-4.531672,-17.779278,-8.434215,-3.238859,-16.944180,-8.624081,-1.520945,-17.710320,-11.059620,-8.271819,-17.845802,-10.291866,-4.692282,-16.971399,-10.496573,-4.728777,-15.950125,-11.048236,-5.292488,-17.083944,-11.737946,-10.207587,-17.165960,-10.880726,-7.824579,-15.462424,-10.772387,-6.851787,-13.764625,-11.172597,-5.533082,-16.301062,-12.189668,-13.115567,-16.300161,-11.766616,-11.656685,-15.293601,-12.571383,-11.439482,-13.986140,-13.602425,-10.720035,-11.187697,-16.353968,16.724426,-19.207315,-15.074172,28.391415,-26.305103,-16.197752,37.971252,-29.768826,-18.947224,40.984261,-34.037880,-17.780169,45.449467,-19.297928,-24.134447,28.490086,-16.002857,-27.240299,28.537188,-17.645370,-25.405029,31.912466,-19.774084,-22.986670,33.681332,-13.606543,-25.931564,21.712757,-11.848299,-28.446959,24.269743,-15.281374,-28.782181,26.542797,-17.458923,-29.644493,27.697435,-8.311554,-26.576769,15.396271,-6.569126,-29.879396,18.116449,-12.069385,-30.127005,22.763954,-17.243429,-29.346210,26.113098,-3.042937,-27.072323,9.247261,-2.813694,-29.466183,11.358624,-5.298198,-30.147331,12.325067,-6.820567,-31.148499,11.587626
31.977283,9.756360,-13.801843,37.280193,14.382442,-17.042175,37.467552,13.300730,-15.069533,-13.800084,24.658796,-27.937073,-12.004354,-15.324177,14.951190,34.144974,18.079130,-15.779110,12.518684,10.354548,-38.888306,-14.748243,-11.625224,-17.322189,12.561431,9.057114,-32.773441,13.604471,5.726508,-25.934877,-3.018919,-3.337458,3.041827,-2.507870,-3.460853,3.435121,9.489693,12.462165,-36.071136,-3.905115,-2.878860,7.220008,-3.017050,-2.479280,8.809807,32.284664,11.364108,-15.108216,31.722727,12.332935,-11.673960,35.249416,14.325653,-5.377781,-7.701675,5.946504,0.519299,-3.164272,-2.330833,8.834266,-3.512776,-2.368562,8.795983,-2.826247,-2.489606,8.622948,-2.473623,-3.444634,3.197285,-2.651785,-3.459260,3.063378,-2.344423,-3.445704,3.574926,33.455330,14.103194,-11.368631,35.279583,12.834216,-10.632566,37.193115,11.647018,-10.941992,38.747314,10.891218,-12.108234,39.457783,10.434907,-12.049889,39.332790,9.443612,-14.436523,38.601772,7.004735,-16.248850,37.957779,5.355838,-18.237448,37.755344,4.891641,-21.375624,36.877911,6.461834,-19.937840,35.673260,8.440715,-21.073755,35.643772,8.948093,-20.762262,34.940632,10.050622,-20.393681,34.931614,10.557499,-20.312582,34.983704,11.699883,-19.652220,35.385994,12.483919,-16.994669,35.084717,12.911370,-14.691604,34.582405,10.195828,-19.356407,34.390442,9.985358,-20.196981,34.541653,10.304238,-19.899612,34.526337,10.457820,-19.767504,34.738342,10.786304,-19.566067,34.869221,9.886095,-15.577611,34.815361,10.849929,-15.234327,34.606995,11.549112,-14.134397,34.194736,12.511928,-13.661085,33.892300,12.718721,-13.320918,32.901630,7.899882,-18.056801,33.486015,7.162251,-18.379005,33.872898,7.149653,-19.633144,34.222557,6.916459,-20.971212,34.907143,6.149998,-20.756334,34.752590,5.904360,-20.597321,34.535091,5.998646,-20.639025,34.518356,6.588673,-21.339779,34.618870,6.601403,-20.895105,34.198280,8.196102,-20.416035,34.410202,8.309113,-19.814203,34.024418,8.413731,-18.298464,33.661396,8.257138,-18.534147,33.382565,8.205707,-19.526182,33.503719,8.036529,-20.032671,34.086384,9.010191,-17.895964,34.298813,9.585425,-16.878521,34.286446,10.230412,-15.391584,34.015072,10.230156,-14.655460,34.020782,9.662028,-16.156183,33.840038,9.490697,-17.223051,36.383472,4.915241,-21.638037,35.349251,5.770924,-21.713240,34.735016,5.915564,-22.006771,34.305557,5.391436,-21.079206,34.435638,5.960367,-21.853966,34.940811,5.421478,-22.337442,35.550903,5.253061,-22.342077,34.832355,5.179811,-22.354362,34.518990,4.354062,-21.951725,33.967709,4.954058,-21.639528,34.619904,4.950963,-22.202126,35.558163,4.216917,-22.194513,35.607719,4.619643,-22.237223,35.522533,5.473933,-21.600466,35.372002,5.287644,-21.791138,35.251236,5.626877,-21.375956,35.304428,5.680430,-22.302135,34.535473,4.777966,-21.436295,33.513504,3.896973,-21.424696,34.382561,4.760718,-21.723656,33.788078,8.483052,-19.125994,34.188030,9.467340,-16.678759,-17.199074,-10.324314,-19.319910,-17.744354,-8.647248,-15.855511,-18.098032,-7.780543,-11.794524,-17.464790,-6.968409,-7.988297,-16.511425,-7.160115,-3.360063,-18.746498,-10.379068,-8.850802,-18.846136,-9.133106,-5.967474,-18.102209,-8.447893,-4.851291,-17.210943,-8.582726,-3.272696,-17.974155,-11.044835,-9.546314,-18.132399,-10.294990,-6.123773,-17.201521,-10.403504,-6.387482,-16.131929,-10.867154,-7.131280,-17.265984,-11.692421,-11.405185,-17.370699,-10.844549,-9.203761,-15.632038,-10.647328,-8.461234,-13.919381,-10.966893,-7.358166,-16.405758,-12.088305,-14.285991,-16.415913,-11.691423,-12.954142,-15.394941,-12.458468,-12.896200,-14.092591,-13.452870,-12.333951,-11.557004,-15.931970,16.053362,-19.288916,-15.004005,27.361979,-26.195116,-16.512207,36.745884,-29.551559,-19.523785,39.600071,-33.768559,-18.673416,44.035538,-19.311520,-24.351629,27.321280,-15.629512,-27.437298,27.066830,-17.111967,-25.506041,30.361296,-19.134430,-23.023630,32.168812,-13.811990,-25.901138,20.712236,-11.658997,-28.404779,22.796358,-14.760366,-28.707031,24.791204,-16.676613,-29.576303,25.853079,-8.739150,-26.335503,14.563397,-6.684978,-29.645817,16.842842,-11.874666,-29.955578,21.196234,-16.839020,-29.280666,24.380796,-3.662528,-26.652689,8.540586,-3.288692,-29.067652,10.323959,-5.597293,-29.872763,11.001484,-6.968565,-31.040512,10.012590
31.426138,9.489097,-12.995750,37.622627,14.355162,-16.532541,37.627399,13.590135,-14.236579,-14.827767,24.952333,-28.013172,-12.549204,-15.180315,14.357021,34.686089,17.834942,-15.382110,13.643979,10.885054,-38.166515,-14.549483,-11.374589,-17.838291,12.901711,9.500286,-32.755173,13.892881,6.283894,-25.965397,-3.160678,-3.450428,3.128927,-2.636913,-3.583093,3.520015,9.856220,12.804023,-36.003929,-4.096986,-3.003731,7.343980,-3.183619,-2.610989,8.952892,31.766935,11.137930,-14.123158,31.179749,12.071966,-10.995385,35.002598,14.230185,-4.477443,-7.511833,6.030942,0.640400,-3.334139,-2.461352,8.975365,-3.688705,-2.500827,8.934289,-2.989877,-2.620929,8.764791,-2.603190,-3.567791,3.279210,-2.782750,-3.583276,3.143720,-2.472356,-3.567433,3.660973,33.077461,13.927013,-10.251781,34.910034,12.685220,-9.547457,36.852180,11.528473,-9.892226,38.439766,10.807165,-11.120264,39.189636,10.372525,-11.061584,39.104877,9.393826,-13.559504,38.384029,6.941836,-15.432435,37.766476,5.285091,-17.497093,37.580349,4.809833,-20.827105,36.682632,6.349411,-19.404846,35.438976,8.290668,-20.627384,35.339294,8.762250,-20.442730,34.566818,9.846469,-20.107800,34.505863,10.359035,-19.998451,34.528133,11.501326,-19.249041,34.906620,12.300593,-16.532114,34.585861,12.729830,-14.182605,34.117760,9.996733,-18.246161,33.907452,9.768180,-19.090078,34.052208,10.076446,-18.817667,34.032120,10.227235,-18.738346,34.241451,10.546733,-18.576960,34.353779,9.680807,-14.658496,34.300537,10.637174,-14.372310,34.094494,11.334543,-13.356192,33.682232,12.284406,-12.942265,33.377769,12.481586,-12.633657,32.341019,7.663947,-17.132277,32.921967,6.932799,-17.460394,33.321671,6.919248,-18.773327,33.673191,6.677986,-20.150782,34.416187,5.946458,-20.012762,34.253872,5.705501,-19.877935,34.039974,5.798868,-19.940184,34.025169,6.392686,-20.677731,34.102421,6.403556,-20.224596,33.719662,7.999442,-19.391663,33.938713,8.119909,-18.781834,33.537300,8.227816,-17.254618,33.128616,8.052135,-17.520803,32.855728,7.997531,-18.522852,32.992142,7.824163,-19.028925,33.572624,8.792871,-17.117798,33.808903,9.382572,-16.136898,33.795307,10.029161,-14.634280,33.502274,10.022374,-13.964335,33.492363,9.454149,-15.420385,33.314644,9.272635,-16.490120,36.022728,4.782826,-20.985229,34.949139,5.620148,-21.003368,34.297909,5.742544,-21.311758,33.871407,5.223028,-20.390018,33.994522,5.783724,-21.195982,34.516182,5.260739,-21.741941,35.150417,5.117685,-21.800014,34.478233,5.051337,-21.771418,34.202606,4.234268,-21.325861,33.641541,4.823559,-20.973398,34.288635,4.813531,-21.509691,35.220490,4.085742,-21.483770,35.238564,4.476049,-21.582619,35.139595,5.323308,-20.878986,34.991058,5.138576,-21.087831,34.870834,5.479551,-20.749546,34.911053,5.545841,-21.696390,34.159389,4.636395,-20.786238,33.123150,3.749418,-20.741306,33.998928,4.612916,-21.030987,33.290264,8.288005,-18.085352,33.681950,9.262193,-15.949207,-17.019781,-10.053321,-19.907463,-17.685743,-8.432514,-16.642496,-18.177437,-7.613935,-12.818757,-17.645285,-6.812004,-9.194451,-16.788223,-7.006470,-4.694220,-18.793144,-10.226048,-9.811596,-18.911722,-8.996735,-7.014365,-18.119598,-8.285304,-5.979387,-17.173433,-8.394935,-4.451817,-17.937347,-10.864594,-10.390400,-18.105835,-10.119432,-7.079826,-17.126108,-10.159259,-7.453531,-16.017542,-10.560914,-8.276564,-17.155521,-11.476165,-12.144856,-17.277828,-10.632927,-10.080251,-15.517395,-10.378442,-9.486856,-13.793596,-10.647346,-8.509918,-16.235355,-11.808494,-14.971629,-16.255804,-11.430098,-13.736689,-15.231961,-12.173941,-13.795840,-13.936394,-13.147038,-13.340090,-12.031222,-15.814423,15.518600,-19.408157,-15.187456,26.457209,-26.063061,-17.011049,35.621475,-29.314173,-20.165949,38.340851,-33.517570,-19.482374,42.783634,-19.303045,-24.796833,26.358475,-15.204182,-27.799076,25.805752,-16.563950,-25.719002,29.062529,-18.513689,-23.123308,30.925331,-14.037383,-26.110039,19.933281,-11.496220,-28.515940,21.597725,-14.371716,-28.728668,23.424559,-16.116909,-29.565819,24.460819,-9.220328,-26.335421,13.942595,-6.829865,-29.564850,15.814204,-11.781459,-29.866409,19.967579,-16.587296,-29.246624,23.068401,-4.368082,-26.470350,8.023333,-3.808823,-28.831047,9.503267,-5.971423,-29.698298,9.972512,-7.227518,-30.982798,8.816447
30.680515,9.157164,-12.052327,37.536495,14.332479,-15.942642,37.347382,13.805359,-13.338257,-16.123737,24.621754,-28.318106,-13.400327,-15.444601,14.267145,34.835049,17.578327,-15.002136,14.381303,10.960900,-37.265545,-13.973352,-10.935719,-17.610523,13.182151,9.792042,-32.271172,14.099601,6.761923,-25.605549,-3.221541,-3.624421,2.607653,-2.678119,-3.756726,3.019266,10.205987,12.945574,-35.477772,-4.066885,-3.236606,6.450058,-3.107980,-2.834472,8.006424,31.056160,10.832786,-13.035193,30.449074,11.726669,-10.131926,34.481010,14.030361,-3.398389,-7.083348,5.920935,1.008723,-3.253973,-2.684243,8.014866,-3.607464,-2.728774,7.959930,-2.919719,-2.840057,7.838398,-2.650093,-3.738224,2.801345,-2.833187,-3.754603,2.682449,-2.509787,-3.740518,3.143106,32.448521,13.637166,-8.971283,34.274864,12.435225,-8.270141,36.228691,11.320303,-8.627591,37.831417,10.645994,-9.890337,38.591507,10.218652,-9.834328,38.526165,9.242173,-12.395113,37.801136,6.795259,-14.297384,37.179195,5.147958,-16.379797,37.010738,4.698948,-19.797884,36.108189,6.204379,-18.442352,34.860672,8.113707,-19.752098,34.747810,8.565329,-19.629837,33.947906,9.634929,-19.340004,33.865658,10.135432,-19.241272,33.868919,11.255558,-18.462265,34.217010,12.054039,-15.724929,33.875557,12.470969,-13.359183,33.451656,9.713252,-16.888420,33.240047,9.468304,-17.737593,33.394352,9.768107,-17.491085,33.382175,9.921758,-17.443085,33.589821,10.229369,-17.314003,33.688107,9.415396,-13.389368,33.629856,10.356452,-13.169367,33.416737,11.046163,-12.226570,33.003292,11.979794,-11.893709,32.691620,12.165291,-11.643726,31.611584,7.373437,-15.890817,32.172752,6.650166,-16.215416,32.567059,6.634128,-17.543373,32.900558,6.381599,-18.942181,33.674698,5.692011,-18.805210,33.509377,5.460566,-18.698698,33.305756,5.553700,-18.782602,33.281525,6.147142,-19.552591,33.347057,6.155691,-19.094477,33.026287,7.723477,-18.075241,33.262951,7.857291,-17.453932,32.850391,7.976232,-15.909686,32.392239,7.781463,-16.208727,32.115498,7.717683,-17.204098,32.264652,7.533894,-17.713348,32.861851,8.504560,-15.996958,33.133583,9.112342,-15.042434,33.119987,9.763560,-13.518095,32.789539,9.744555,-12.900143,32.760891,9.180026,-14.319701,32.589272,8.985181,-15.406614,35.335205,4.591405,-19.833208,34.223476,5.403304,-19.845873,33.553394,5.509075,-20.151600,33.134251,5.003153,-19.254305,33.252693,5.559541,-20.061474,33.789322,5.064544,-20.666592,34.439682,4.954402,-20.789747,33.771221,4.886094,-20.707296,33.499146,4.054501,-20.231762,32.940292,4.627231,-19.871275,33.581055,4.607872,-20.394121,34.521946,3.892253,-20.308081,34.542248,4.272849,-20.428989,34.414169,5.106355,-19.739185,34.265450,4.927413,-19.957535,34.154934,5.273976,-19.644474,34.197636,5.377249,-20.636589,33.442650,4.440777,-19.675442,32.407593,3.558196,-19.601263,33.284294,4.409825,-19.895411,32.588116,8.023123,-16.746153,32.986782,8.991212,-14.862909,-16.440411,-9.589881,-19.752289,-17.242760,-8.001108,-16.850872,-17.867002,-7.167696,-13.412669,-17.356173,-6.339972,-9.889168,-16.518406,-6.493626,-5.528810,-18.355804,-9.796816,-10.152575,-18.474888,-8.536304,-7.414341,-17.627308,-7.838572,-6.316414,-16.628490,-7.974200,-4.707491,-17.399031,-10.412406,-10.536380,-17.551399,-9.656243,-7.246396,-16.538927,-9.682015,-7.554941,-15.409017,-10.070038,-8.309013,-16.552906,-10.975135,-12.148084,-16.679569,-10.134702,-10.131657,-14.922801,-9.882854,-9.570655,-13.196055,-10.157053,-8.583040,-15.599060,-11.225772,-14.885802,-15.625930,-10.852441,-13.689649,-14.619779,-11.600197,-13.803558,-13.335711,-12.579287,-13.377763,-12.878759,-16.071106,15.425044,-19.803041,-15.653313,25.965294,-26.080814,-17.691179,34.820282,-29.220724,-20.816364,37.414425,-33.468159,-20.064569,41.912884,-19.375067,-25.520969,25.797865,-14.836555,-28.348156,24.926342,-16.121103,-26.049276,28.193068,-18.029716,-23.279028,30.116022,-14.382089,-26.617868,19.579407,-11.494022,-28.772730,20.902428,-14.317785,-28.838545,22.738979,-16.030308,-29.623804,23.853243,-9.865858,-26.634583,13.755747,-7.130586,-29.634289,15.289568,-11.954748,-29.839878,19.382547,-16.669992,-29.217957,22.509161,-5.289872,-26.584915,7.945373,-4.499468,-28.770525,9.191527,-6.573034,-29.616697,9.588598,-7.769310,-30.955639,8.391582
29.758638,8.783443,-11.012702,37.142445,14.344598,-15.281337,36.751949,14.004046,-12.406960,-17.562857,23.883902,-28.833683,-14.513969,-15.978687,14.475931,34.698303,17.313164,-14.619035,14.903407,10.790540,-36.186378,-13.073966,-10.349472,-16.804619,13.405884,10.021049,-31.517206,14.235979,7.224089,-25.029938,-3.268333,-3.820147,1.766887,-2.700491,-3.947762,2.213277,10.530610,12.973635,-34.666752,-3.945382,-3.530882,4.994886,-2.928009,-3.113834,6.456612,30.174568,10.468824,-11.861434,29.549252,11.313639,-9.138487,33.741470,13.754349,-2.184350,-6.555618,5.654053,1.458190,-3.065193,-2.963736,6.443097,-3.413808,-3.015612,6.367100,-2.750306,-3.112565,6.321296,-2.680889,-3.922936,2.033410,-2.868054,-3.939467,1.941831,-2.527480,-3.931784,2.309173,31.617020,13.264139,-7.564551,33.426266,12.115791,-6.849934,35.380493,11.056448,-7.206914,36.986729,10.443602,-8.490296,37.738747,10.017608,-8.446272,37.679443,9.041107,-11.040644,36.939365,6.615036,-12.953390,36.290047,4.989682,-15.017488,36.137833,4.589922,-18.451344,35.240871,6.053791,-17.206120,34.010742,7.928439,-18.599947,33.920879,8.366289,-18.492161,33.119678,9.420975,-18.253422,33.036110,9.895293,-18.191898,33.028679,10.974043,-17.425926,33.342556,11.756453,-14.697056,32.980423,12.147135,-12.337131,32.610237,9.363629,-15.352733,32.407700,9.100886,-16.205452,32.580219,9.391155,-15.985815,32.582703,9.551217,-15.955771,32.788895,9.843942,-15.856404,32.873089,9.097856,-11.889279,32.805332,10.015717,-11.741700,32.578403,10.692595,-10.866459,32.163105,11.606500,-10.629470,31.841681,11.779127,-10.457499,30.724054,7.044668,-14.435643,31.253082,6.332910,-14.748711,31.627970,6.315303,-16.065075,31.931749,6.052268,-17.477318,32.720364,5.414123,-17.287996,32.555523,5.196041,-17.213089,32.365906,5.288463,-17.316700,32.323917,5.876702,-18.116526,32.386627,5.881387,-17.659899,32.148754,7.391342,-16.552862,32.407379,7.541339,-15.920024,31.985558,7.677977,-14.358030,31.476618,7.465640,-14.691802,31.191353,7.389231,-15.668853,31.352154,7.189937,-16.180834,31.975050,8.163252,-14.641619,32.286545,8.788279,-13.709555,32.273434,9.446465,-12.166556,31.897303,9.412009,-11.593252,31.848309,8.856312,-12.978132,31.684755,8.645669,-14.086385,34.390537,4.378165,-18.344648,33.238461,5.157211,-18.386328,32.560577,5.249537,-18.679266,32.151867,4.764540,-17.821583,32.264973,5.316908,-18.614141,32.818680,4.858478,-19.272448,33.481998,4.785903,-19.463249,32.790104,4.712597,-19.324108,32.499470,3.852346,-18.824053,31.950623,4.405937,-18.478474,32.584995,4.376032,-18.992378,33.544407,3.676352,-18.817442,33.588455,4.047399,-18.940271,33.417942,4.860344,-18.320343,33.266762,4.689791,-18.542620,33.170742,5.042720,-18.219257,33.231255,5.199461,-19.272373,32.459534,4.224989,-18.255394,31.436352,3.357326,-18.154568,32.310612,4.187881,-18.460510,31.706724,7.709033,-15.200093,32.117889,8.668571,-13.537236,-15.520454,-8.974519,-19.007753,-16.479059,-7.400650,-16.571560,-17.241230,-6.512056,-13.612710,-16.704144,-5.643924,-10.137434,-15.842965,-5.735889,-5.919593,-17.536196,-9.170851,-9.998253,-17.643478,-7.856470,-7.293337,-16.734909,-7.204234,-6.050439,-15.684399,-7.401947,-4.289073,-16.462065,-9.770191,-10.141805,-16.580202,-9.000379,-6.810996,-15.545283,-9.048678,-6.954928,-14.406192,-9.452615,-7.561033,-15.553932,-10.274603,-11.587822,-15.677290,-9.442033,-9.560232,-13.942525,-9.230041,-8.970922,-12.220813,-9.542811,-7.905803,-14.580961,-10.426793,-14.214147,-14.613903,-10.054810,-13.019021,-13.639628,-10.821319,-13.155077,-12.371685,-11.821085,-12.721827,-14.038774,-16.550667,15.602878,-20.498684,-16.277895,25.789064,-26.346386,-18.468189,34.319874,-29.371964,-21.472050,36.798668,-33.692120,-20.513210,41.370010,-19.617491,-26.407333,25.548412,-14.626658,-29.021561,24.364641,-15.858505,-26.473078,27.668928,-17.734589,-23.502621,29.643826,-14.877215,-27.317822,19.509718,-11.656523,-29.151056,20.570990,-14.551964,-29.028290,22.554464,-16.331141,-29.736748,23.824976,-10.650138,-27.138914,13.827313,-7.554096,-29.849459,15.103395,-12.345024,-29.914051,19.251637,-17.035557,-29.253260,22.483032,-6.346403,-26.914331,8.104621,-5.283028,-28.881620,9.190217,-7.315099,-29.663315,9.621695,-8.498386,-31.021494,8.477955
28.766911,8.447820,-10.003080,36.803299,14.471398,-14.624695,36.258686,14.305091,-11.562993,-18.580521,23.406910,-29.368370,-15.395710,-16.390799,14.348723,34.551723,17.097725,-14.242662,15.606791,10.903654,-35.048481,-12.184426,-9.756561,-16.093596,13.540477,10.414521,-31.151583,14.306981,7.793354,-24.801550,-3.504174,-3.914078,1.425585,-2.916075,-4.048053,1.897453,10.748755,13.140985,-34.196152,-4.123100,-3.740678,4.334939,-3.061140,-3.336702,5.758350,29.240328,10.125009,-10.692163,28.593475,10.915370,-8.196645,32.982822,13.491353,-1.029634,-6.465403,5.397350,1.360339,-3.195495,-3.187699,5.729931,-3.545073,-3.245947,5.639203,-2.888413,-3.330079,5.640011,-2.899629,-4.016140,1.736650,-3.087207,-4.028990,1.659675,-2.742180,-4.036122,1.978160,30.760260,12.906611,-6.189573,32.552269,11.820837,-5.478292,34.508675,10.829328,-5.851146,36.120472,10.292746,-7.178361,36.871391,9.887866,-7.171932,36.817257,8.932372,-9.821930,36.062473,6.531219,-11.752150,35.389225,4.926712,-13.820940,35.241341,4.557824,-17.310286,34.347752,5.972520,-16.161329,33.117085,7.796889,-17.632349,33.029335,8.205953,-17.548286,32.211086,9.235047,-17.342075,32.117527,9.683092,-17.290955,32.101997,10.710749,-16.515125,32.395695,11.464776,-13.787714,32.025253,11.817739,-11.419262,31.712162,9.014584,-13.878692,31.511856,8.726665,-14.728763,31.692604,8.998762,-14.534868,31.698837,9.161326,-14.533802,31.906754,9.439355,-14.469411,31.965105,8.765372,-10.513438,31.890373,9.655255,-10.430393,31.653114,10.318406,-9.627658,31.236593,11.211757,-9.472736,30.910603,11.375745,-9.366518,29.761585,6.735013,-13.087366,30.264091,6.043716,-13.399516,30.621166,6.030885,-14.736683,30.901556,5.766156,-16.171040,31.714323,5.186049,-15.946018,31.546528,4.982053,-15.903411,31.364750,5.072726,-16.027327,31.311110,5.655551,-16.850508,31.368721,5.655026,-16.404432,31.222128,7.077194,-15.114257,31.498707,7.241432,-14.474231,31.064457,7.398152,-12.901266,30.506414,7.172052,-13.271267,30.218904,7.085091,-14.237354,30.393467,6.869150,-14.747796,31.025776,7.835064,-13.381864,31.369646,8.469376,-12.478148,31.355192,9.134271,-10.933349,30.942207,9.087149,-10.413282,30.872602,8.545918,-11.753340,30.717020,8.320310,-12.864044,33.417118,4.238659,-17.025362,32.226082,4.981631,-17.084028,31.538023,5.058806,-17.376604,31.134016,4.595075,-16.556068,31.237600,5.134363,-17.354633,31.809532,4.709280,-18.056452,32.488647,4.669330,-18.303333,31.783367,4.601289,-18.129532,31.487719,3.722061,-17.592731,30.939556,4.261513,-17.254103,31.571285,4.223635,-17.740612,32.544388,3.538732,-17.495373,32.603954,3.894251,-17.622940,32.398293,4.687550,-17.054480,32.244778,4.520962,-17.285116,32.156952,4.873207,-16.975826,32.231575,5.077444,-18.077570,31.448553,4.071807,-17.002920,30.429193,3.228122,-16.877089,31.307020,4.039318,-17.181349,30.773745,7.414571,-13.748450,31.179607,8.352641,-12.314338,-14.622228,-8.350937,-18.318195,-15.728303,-6.802498,-16.243336,-16.625050,-5.894157,-13.675692,-16.100031,-5.018780,-10.313225,-15.250831,-5.089525,-6.231142,-16.781719,-8.611314,-9.863098,-16.889231,-7.280900,-7.222796,-15.932168,-6.664831,-5.930790,-14.839061,-6.904814,-4.109640,-15.602214,-9.203083,-9.830219,-15.703421,-8.431865,-6.540176,-14.651695,-8.470640,-6.631496,-13.509947,-8.860098,-7.189170,-14.630902,-9.657485,-11.139365,-14.761053,-8.833117,-9.172790,-13.045719,-8.624009,-8.622561,-11.339601,-8.938460,-7.575715,-13.630613,-9.717604,-13.671297,-13.677168,-9.355380,-12.526199,-12.728923,-10.118142,-12.717306,-11.481292,-11.117402,-12.321043,-14.952362,-16.881363,15.507605,-21.176924,-16.748554,25.560356,-26.797232,-19.103590,33.969494,-29.729544,-22.112629,36.366657,-34.073677,-21.097076,40.960007,-20.070475,-27.086603,25.331322,-14.668022,-29.611240,23.907331,-15.832028,-26.892706,27.247435,-17.672447,-23.785213,29.280863,-15.433111,-27.879042,19.325506,-11.857270,-29.579479,20.178425,-14.782143,-29.292694,22.290960,-16.604713,-29.897089,23.705578,-11.331193,-27.573740,13.659372,-7.874224,-30.183498,14.737502,-12.653256,-30.172462,18.963610,-17.359365,-29.485001,22.297436,-7.134662,-27.234608,7.918898,-5.806192,-29.141607,8.874809,-7.798878,-29.916943,9.333677,-8.973971,-31.320232,8.233674
27.512051,8.083792,-8.964838,36.245655,14.688391,-13.927532,35.572433,14.687029,-10.708690,-19.407904,22.921387,-29.856081,-16.261696,-16.769726,14.275999,34.167530,16.861027,-13.913919,16.297312,11.018845,-33.733032,-11.101122,-9.105472,-15.079580,13.576784,10.908984,-30.940832,14.285534,8.459331,-24.735815,-3.897859,-3.943980,1.252717,-3.289874,-4.090947,1.752045,10.880378,13.349897,-33.827709,-4.496053,-3.933200,3.922873,-3.390002,-3.562777,5.325358,28.055393,9.733548,-9.483894,27.390858,10.457329,-7.255835,31.962280,13.163994,0.139402,-6.631051,5.073797,0.879177,-3.523324,-3.416274,5.282667,-3.875452,-3.481105,5.177669,-3.221209,-3.549955,5.219573,-3.274184,-4.048742,1.604836,-3.459620,-4.053892,1.539052,-3.117449,-4.087077,1.820989,29.649542,12.478156,-4.760864,31.413387,11.473195,-4.052666,33.363255,10.567796,-4.441897,34.973114,10.128737,-5.821415,35.715729,9.751001,-5.872061,35.657749,8.827294,-8.577053,34.883591,6.465326,-10.507012,34.178020,4.894309,-12.569440,34.030788,4.566030,-16.104963,33.141781,5.919812,-15.059487,31.908489,7.686143,-16.599266,31.832441,8.063193,-16.522388,31.006969,9.058909,-16.341377,30.909389,9.469083,-16.296898,30.892954,10.421801,-15.520073,31.172693,11.128736,-12.807194,30.803656,11.425587,-10.434168,30.565992,8.605671,-12.346050,30.372723,8.287491,-13.185860,30.562265,8.535029,-13.016064,30.570431,8.700469,-13.037185,30.780045,8.960080,-13.008191,30.804440,8.377991,-9.072507,30.722815,9.230197,-9.050466,30.474293,9.874761,-8.319341,30.055742,10.741734,-8.246320,29.724014,10.896024,-8.210522,28.548090,6.398303,-11.670926,29.019932,5.736915,-11.983388,29.351238,5.732361,-13.349416,29.604239,5.471302,-14.804498,30.433191,4.958078,-14.531381,30.262405,4.772947,-14.519529,30.084564,4.860258,-14.659842,30.021301,5.440664,-15.498591,30.076580,5.433711,-15.071157,30.042044,6.721049,-13.605737,30.336605,6.901258,-12.957501,29.888689,7.086402,-11.371964,29.278257,6.849590,-11.777481,28.988346,6.749326,-12.735526,29.178881,6.510581,-13.247016,29.817558,7.465676,-12.036009,30.194422,8.104374,-11.160494,30.178295,8.777495,-9.623055,29.726015,8.716943,-9.160326,29.634041,8.199241,-10.448941,29.487749,7.955822,-11.556786,32.157635,4.118212,-15.617446,30.929222,4.821471,-15.699502,30.234921,4.884092,-15.985267,29.834690,4.447321,-15.209788,29.927269,4.970050,-16.014252,30.517790,4.584504,-16.749046,31.208647,4.580741,-17.045635,30.481972,4.521217,-16.852362,30.178074,3.617750,-16.275440,29.627388,4.140048,-15.952331,30.260567,4.094945,-16.399555,31.249718,3.426216,-16.084446,31.333088,3.758346,-16.220415,31.089781,4.533879,-15.706965,30.933010,4.370604,-15.946057,30.853006,4.719103,-15.646876,30.943392,4.983977,-16.791592,30.146599,3.938151,-15.658024,29.129625,3.129159,-15.513379,30.014463,3.915686,-15.808861,29.585873,7.085409,-12.225930,29.980129,7.993495,-11.005457,-13.528798,-7.667144,-17.285036,-14.783141,-6.137219,-15.570806,-15.810659,-5.210757,-13.412815,-15.295896,-4.347460,-10.187704,-14.462854,-4.417509,-6.254550,-15.839604,-8.006501,-9.461510,-15.939767,-6.670827,-6.908102,-14.937285,-6.092340,-5.612845,-13.808371,-6.372294,-3.779281,-14.553659,-8.601885,-9.258529,-14.630565,-7.829330,-6.059427,-13.573425,-7.834247,-6.163128,-12.446544,-8.184475,-6.731119,-13.517409,-9.007770,-10.425901,-13.646331,-8.184611,-8.566918,-11.961866,-7.952630,-8.111142,-10.291209,-8.243823,-7.145426,-12.488850,-8.970071,-12.852886,-12.544491,-8.610475,-11.791160,-11.628552,-9.346124,-12.074934,-10.413922,-10.324350,-11.754230,-15.856116,-17.163321,15.490460,-21.935808,-17.145418,25.466110,-27.406147,-19.638849,33.791458,-30.268799,-22.664967,36.122711,-34.626591,-21.610241,40.722977,-20.719868,-27.657927,25.310432,-14.928694,-30.125130,23.659786,-16.001245,-27.246443,27.024656,-17.787455,-24.012747,29.108095,-16.134535,-28.365854,19.310385,-12.197098,-29.973919,19.960737,-15.114863,-29.507490,22.202497,-16.958948,-29.987141,23.760386,-12.094971,-27.965755,13.633279,-8.264238,-30.513777,14.520375,-13.014391,-30.423899,18.850443,-17.731308,-29.698481,22.303314,-7.941431,-27.541706,7.854121,-6.328876,-29.424665,8.679396,-8.265748,-30.196911,9.187049,-9.426186,-31.642714,8.163013
25.869719,7.672493,-7.917899,35.358826,14.980752,-13.221357,34.567112,15.165756,-9.837607,-20.187870,22.304672,-30.390350,-17.358143,-17.229055,14.572069,33.467850,16.544220,-13.697514,16.969084,11.065875,-32.118820,-9.558939,-8.306564,-13.403157,13.539431,11.470116,-30.829248,14.178342,9.232542,-24.815474,-4.424540,-3.939171,1.060927,-3.792538,-4.103302,1.598791,10.969964,13.541944,-33.490490,-5.006182,-4.142367,3.471631,-3.847536,-3.818634,4.858469,26.496508,9.275845,-8.250965,25.821218,9.910192,-6.348256,30.546761,12.751834,1.338226,-6.932977,4.618543,0.122707,-3.979952,-3.676092,4.799201,-4.334317,-3.747748,4.677627,-3.683623,-3.798015,4.766170,-3.776834,-4.047134,1.465887,-3.958260,-4.041189,1.411793,-3.623195,-4.111008,1.655270,28.151962,11.953216,-3.258669,29.870483,11.054424,-2.546236,31.798885,10.258350,-2.947427,33.395931,9.942905,-4.390294,34.115204,9.589712,-4.515625,34.038471,8.701475,-7.274084,33.237015,6.398981,-9.182879,32.478310,4.881450,-11.215055,32.330467,4.621108,-14.765579,31.448671,5.898968,-13.834447,30.221716,7.605605,-15.432437,30.184895,7.951973,-15.327488,29.375565,8.905754,-15.167250,29.287212,9.257836,-15.131725,29.278084,10.100916,-14.373226,29.544422,10.737279,-11.693160,29.182650,10.953220,-9.322566,29.055931,8.124173,-10.717977,28.878500,7.770856,-11.540124,29.081617,7.988169,-11.393477,29.093491,8.159568,-11.422201,29.302435,8.395268,-11.428498,29.287363,7.936433,-7.501163,29.195311,8.736506,-7.537353,28.931032,9.353990,-6.875154,28.507584,10.184207,-6.891300,28.164692,10.323094,-6.939728,26.968628,6.032423,-10.132160,27.399900,5.411657,-10.442986,27.692940,5.418510,-11.843465,27.909311,5.165718,-13.315180,28.739773,4.732318,-12.965873,28.567427,4.572910,-12.984343,28.389494,4.653490,-13.139108,28.317921,5.237782,-13.986390,28.375595,5.221187,-13.582471,28.484955,6.314021,-11.978652,28.798721,6.513809,-11.319520,28.337057,6.740343,-9.716887,27.667532,6.495951,-10.158484,27.371531,6.376983,-11.107239,27.580553,6.105791,-11.623733,28.226648,7.049375,-10.549863,28.641075,7.687566,-9.699482,28.623367,8.370821,-8.175713,28.122665,8.293634,-7.773448,28.006538,7.812364,-9.005663,27.871475,7.546499,-10.112535,30.458567,4.017407,-14.041274,29.193584,4.675483,-14.167759,28.500092,4.725707,-14.431982,28.104118,4.324841,-13.710198,28.185074,4.831320,-14.508583,28.792673,4.495605,-15.267882,29.488901,4.534486,-15.612159,28.721926,4.485411,-15.413324,28.396732,3.544490,-14.798832,27.843073,4.040372,-14.509263,28.484383,3.988182,-14.907356,29.498518,3.339014,-14.512193,29.621668,3.639926,-14.654545,29.333872,4.399509,-14.214006,29.171541,4.241555,-14.459009,29.101566,4.584902,-14.153727,29.211962,4.931993,-15.342484,28.392363,3.830460,-14.147168,27.378759,3.066517,-13.996838,28.274717,3.819026,-14.276138,28.019295,6.716983,-10.579899,28.397474,7.586463,-9.553766,-11.973372,-6.839226,-15.533993,-13.389746,-5.305683,-14.236911,-14.552507,-4.337721,-12.581115,-14.031786,-3.500239,-9.524179,-13.211078,-3.576266,-5.790054,-14.435812,-7.240487,-8.506342,-14.512981,-5.905529,-6.059479,-13.465596,-5.375626,-4.797033,-12.310349,-5.703333,-2.994929,-13.027706,-7.859759,-8.100590,-13.059001,-7.090347,-5.032289,-12.020032,-7.029464,-5.221687,-10.942340,-7.303540,-5.867668,-11.919119,-8.213759,-9.095169,-12.027696,-7.387561,-7.389082,-10.403706,-7.099045,-7.108896,-8.806043,-7.334348,-6.299329,-10.863413,-8.058696,-11.386213,-10.914224,-7.687804,-10.439842,-10.050475,-8.361128,-10.875963,-8.894797,-9.286421,-10.683904,-17.020386,-17.507542,15.861444,-22.987711,-17.570667,25.751123,-28.340958,-20.163258,33.972637,-31.168036,-23.172251,36.258423,-35.541649,-22.032675,40.868275,-21.777502,-28.304310,25.801970,-15.615583,-30.721746,23.894726,-16.572206,-27.639853,27.262558,-18.283953,-24.250149,29.381771,-17.238216,-28.953110,19.830423,-12.958403,-30.436447,20.228825,-15.843926,-29.731714,22.602882,-17.692753,-30.058355,24.310385,-13.237060,-28.469440,14.145814,-9.025808,-30.918356,14.790943,-13.714720,-30.687237,19.249264,-18.414066,-29.883480,22.847971,-9.098252,-27.969360,8.326736,-7.183095,-29.801228,8.988752,-9.041097,-30.539528,9.582521,-10.174917,-32.012486,8.698155
23.757355,7.235156,-6.753032,34.077072,15.373433,-12.439447,33.174782,15.770068,-8.879315,-20.904419,21.532675,-30.849070,-18.641464,-17.695524,15.179146,32.395588,16.136368,-13.538799,17.581932,10.985087,-30.155746,-7.557711,-7.447474,-11.118871,13.401340,12.126232,-30.792704,13.959620,10.136436,-25.014744,-5.124049,-3.882179,0.871318,-4.464782,-4.068972,1.459929,10.993740,13.733973,-33.156982,-5.694905,-4.371439,2.986296,-4.474212,-4.113059,4.360310,24.484369,8.773300,-6.882671,23.804184,9.283494,-5.357411,28.657673,12.273607,2.664204,-7.396702,4.020885,-0.954552,-4.605611,-3.976341,4.280998,-4.961997,-4.055829,4.139380,-4.316439,-4.082297,4.283183,-4.447822,-3.993744,1.342796,-4.622821,-3.972040,1.301750,-4.300577,-4.092982,1.502468,26.184616,11.349866,-1.559007,27.840931,10.589483,-0.840533,29.734112,9.931067,-1.253569,31.308695,9.768138,-2.772922,31.989443,9.432110,-2.996309,31.879019,8.582182,-5.804717,31.041447,6.366453,-7.665302,30.210876,4.930738,-9.641113,30.063513,4.773314,-13.182156,29.188917,5.954784,-12.378410,27.972965,7.599006,-14.023652,28.003117,7.912699,-13.855938,27.234518,8.810853,-13.714050,27.169018,9.078765,-13.689592,27.175489,9.770733,-12.966201,27.429245,10.312133,-10.337147,27.081842,10.419840,-7.975567,27.102610,7.592724,-8.864545,26.950811,7.199532,-9.659677,27.172775,7.380901,-9.534808,27.190304,7.563238,-9.555927,27.394680,7.769558,-9.597898,27.335920,7.473403,-5.665708,27.229990,8.204326,-5.759189,26.945267,8.783902,-5.165079,26.513432,9.563169,-5.282382,26.153561,9.677382,-5.432912,24.940487,5.669837,-8.338377,25.321512,5.103524,-8.647958,25.562181,5.125965,-10.087019,25.730835,4.887244,-11.572806,26.548193,4.550059,-11.122561,26.376581,4.424089,-11.171503,26.194990,4.494002,-11.336412,26.116064,5.089977,-12.184899,26.181030,5.058320,-11.808706,26.468340,5.884965,-10.102818,26.804094,6.109797,-9.428441,26.328468,6.394361,-7.803265,25.589787,6.146452,-8.281816,25.283396,6.002014,-9.220871,25.513836,5.685716,-9.747822,26.167891,6.617988,-8.794827,26.628183,7.249505,-7.967172,26.609182,7.944347,-6.462218,26.049170,7.846542,-6.126275,25.905731,7.417922,-7.295766,25.783297,7.123766,-8.403559,28.238085,3.977728,-12.175811,26.935486,4.586382,-12.362296,26.248781,4.627691,-12.586453,25.859093,4.272118,-11.933355,25.927547,4.764459,-12.712712,26.553391,4.490120,-13.488791,27.249002,4.579219,-13.880608,26.422245,4.544425,-13.691104,26.061806,3.552738,-13.039072,25.503120,4.010322,-12.801612,26.158169,3.949771,-13.139226,27.207129,3.322285,-12.652373,27.387342,3.580656,-12.803128,27.045065,4.329288,-12.450093,26.874847,4.180389,-12.698627,26.818439,4.517350,-12.371716,26.955906,4.971027,-13.604846,26.103769,3.797849,-12.342126,25.096779,3.089934,-12.199035,26.006481,3.795605,-12.454465,25.991295,6.342315,-8.677929,26.349115,7.163225,-7.831944,-9.945513,-5.956353,-13.127827,-11.543169,-4.386487,-12.325191,-12.850356,-3.342848,-11.283652,-12.303424,-2.544031,-8.420632,-11.491572,-2.630498,-4.934425,-12.567558,-6.386802,-7.096501,-12.596186,-5.055202,-4.782098,-11.500569,-4.584631,-3.582227,-10.327092,-4.967577,-1.847371,-11.017962,-7.055099,-6.449226,-10.974787,-6.286641,-3.560072,-9.972298,-6.121641,-3.893915,-8.975806,-6.277367,-4.671773,-9.824508,-7.357253,-7.232435,-9.887782,-6.516724,-5.730901,-8.352367,-6.130728,-5.694799,-6.865499,-6.271736,-5.104149,-8.735122,-7.066955,-9.348094,-8.763827,-6.665628,-8.552656,-7.970592,-7.235448,-9.194211,-6.900933,-8.071384,-9.177877,-18.392323,-17.850985,16.555666,-24.251223,-17.970926,26.301186,-29.499807,-20.624537,34.352982,-32.325455,-23.567450,36.594631,-36.721855,-22.289635,41.209148,-23.153481,-28.932987,26.657448,-16.624731,-31.297184,24.443922,-17.428734,-27.970730,27.784388,-19.037996,-24.397898,29.922104,-18.679482,-29.531815,20.767073,-14.055264,-30.853561,20.843723,-16.852987,-29.859156,23.333605,-18.669689,-30.009998,25.187155,-14.716671,-28.967178,15.105047,-10.094177,-31.276148,15.439901,-14.662648,-30.843399,20.042067,-19.298937,-29.925102,23.812519,-10.586335,-28.394791,9.270278,-8.330182,-30.146263,9.721448,-10.073456,-30.819420,10.433906,-11.164772,-32.302052,9.753339
21.197878,6.836329,-5.473434,32.455658,15.880880,-11.587003,31.453747,16.526014,-7.848721,-21.537188,20.678429,-31.184792,-20.069757,-18.126429,16.030199,31.004662,15.641447,-13.406298,18.187521,10.837442,-27.846544,-5.128374,-6.602068,-8.352057,13.163668,12.892574,-30.875223,13.632558,11.174459,-25.368315,-6.006514,-3.763446,0.744345,-5.317346,-3.979552,1.394380,10.949942,13.949092,-32.869007,-6.587974,-4.605440,2.575058,-5.298905,-4.433183,3.948305,22.041603,8.295287,-5.375275,21.359966,8.637404,-4.274554,26.329576,11.797143,4.116994,-8.059667,3.299255,-2.385039,-5.430015,-4.304084,3.846912,-5.788985,-4.392091,3.683142,-5.147504,-4.390359,3.885517,-5.297184,-3.880591,1.291487,-5.463122,-3.838475,1.262850,-5.160623,-4.024613,1.423533,23.773985,10.742810,0.335347,25.357052,10.153618,1.053015,27.207096,9.660553,0.619977,28.755121,9.675640,-0.995883,29.386805,9.347106,-1.342602,29.231094,8.538004,-4.204549,28.351954,6.436399,-5.999687,27.436470,5.109737,-7.905745,27.291065,5.085492,-11.432865,26.420904,6.149511,-10.760586,25.214525,7.728119,-12.444854,25.330978,8.001369,-12.186419,24.619478,8.825469,-12.056046,24.584713,8.984429,-12.035030,24.610968,9.486330,-11.348380,24.853249,9.913686,-8.779720,24.525927,9.888891,-6.424658,24.726255,7.083085,-6.795793,24.605564,6.646122,-7.554786,24.847471,6.786069,-7.451366,24.870041,6.984848,-7.456436,25.065662,7.158603,-7.536758,24.962597,7.064352,-3.597912,24.838257,7.708650,-3.746738,24.528980,8.238021,-3.221795,24.085070,8.949884,-3.450212,23.704645,9.027661,-3.716503,22.480583,5.383590,-6.322627,22.806440,4.886309,-6.637643,22.984169,4.929158,-8.127042,23.097208,4.711533,-9.628175,23.892967,4.487848,-9.059550,23.724586,4.401083,-9.141706,23.535494,4.455452,-9.315476,23.451366,5.070953,-10.159579,23.526804,5.016626,-9.814590,24.016363,5.509401,-8.001462,24.377121,5.765043,-7.309620,23.888172,6.125057,-5.660825,23.070654,5.878909,-6.179554,22.750187,5.702924,-7.108257,23.004042,5.328279,-7.647421,23.662724,6.248726,-6.806810,24.176399,6.864458,-6.000981,24.156227,7.570170,-4.521412,23.528502,7.447947,-4.259251,23.355394,7.089926,-5.360159,23.245588,6.762939,-6.466807,25.542011,4.072752,-10.083042,24.199383,4.628870,-10.341539,23.523998,4.664608,-10.514580,23.142336,4.360457,-9.944110,23.196621,4.840659,-10.696877,23.843630,4.634723,-11.485268,24.535688,4.777305,-11.925893,23.635515,4.764748,-11.761956,23.229671,3.715284,-11.068412,22.660971,4.123490,-10.895620,23.334318,4.054351,-11.158243,24.426470,3.449920,-10.570509,24.674900,3.654655,-10.726134,24.269533,4.398309,-10.475579,24.089790,4.261518,-10.728165,24.049385,4.588655,-10.373207,24.223148,5.165607,-11.652392,23.331100,3.913157,-10.312325,22.333853,3.270833,-10.188394,23.258682,3.918760,-10.407800,23.527193,6.038645,-6.548858,23.856785,6.798308,-5.878292,-7.477277,-5.098285,-10.198565,-9.273428,-3.454387,-9.946101,-10.735270,-2.298126,-9.611801,-10.151730,-1.549690,-6.985023,-9.353518,-1.650596,-3.793374,-10.280419,-5.522197,-5.353224,-10.235481,-4.204462,-3.206885,-9.091836,-3.801442,-2.110701,-7.911695,-4.241024,-0.487892,-8.572631,-6.269165,-4.441599,-8.429033,-5.499907,-1.796760,-7.480631,-5.183198,-2.338922,-6.597035,-5.169252,-3.304674,-7.279246,-6.524498,-4.982030,-7.273278,-5.655708,-3.751060,-5.852479,-5.119493,-4.020766,-4.515267,-5.116213,-3.708983,-6.143415,-6.086184,-6.886884,-6.133090,-5.634109,-6.286580,-5.425642,-6.052603,-7.179172,-4.468794,-6.755787,-7.378808,-19.919155,-18.152468,17.508438,-25.693935,-18.310469,27.066631,-30.867931,-20.998907,34.899036,-33.715939,-23.856075,37.089985,-38.126793,-22.423161,41.690819,-24.833546,-29.495066,27.807663,-17.941393,-31.825720,25.245756,-18.556536,-28.234152,28.529118,-20.040417,-24.467356,30.673584,-20.426281,-30.056866,22.031797,-15.446497,-31.216993,21.718870,-18.089417,-29.900715,24.295160,-19.829018,-29.860632,26.283123,-16.484444,-29.421009,16.408974,-11.417690,-31.582527,16.374035,-15.810460,-30.902811,21.135899,-20.344387,-29.838461,25.102682,-12.340807,-28.786732,10.574291,-9.706961,-30.455320,10.773290,-11.302242,-31.044184,11.632188,-12.336961,-32.524319,11.211509
18.240873,6.540148,-4.099908,30.563238,16.512501,-10.676459,29.471506,17.453230,-6.763935,-22.149277,19.794256,-31.393677,-21.612822,-18.521666,17.071825,29.367517,15.068477,-13.269046,18.839506,10.684127,-25.227537,-2.315405,-5.831063,-5.237648,12.842088,13.771565,-31.085730,13.211464,12.345317,-25.880360,-7.045763,-3.594734,0.672001,-6.323897,-3.846360,1.392410,10.854576,14.198715,-32.636860,-7.661661,-4.839285,2.253211,-6.300298,-4.771153,3.640646,19.212654,7.913654,-3.743217,18.531500,8.035110,-3.102720,23.615337,11.395229,5.689907,-8.910200,2.469249,-4.133569,-6.432095,-4.651124,3.516374,-6.794274,-4.747859,3.329451,-6.154916,-4.714927,3.590218,-6.298706,-3.720152,1.301001,-6.453412,-3.653934,1.283210,-6.176633,-3.916258,1.409683,20.965483,10.213380,2.400001,22.471651,9.826992,3.102811,24.277571,9.524810,2.635256,25.801094,9.738508,0.899182,26.378433,9.406434,0.409092,26.171816,8.639571,-2.515089,25.251532,6.676006,-4.242127,24.247145,5.479287,-6.080146,24.107397,5.608561,-9.608770,23.237839,6.534631,-9.066477,22.035297,8.041596,-10.790175,22.247885,8.260077,-10.421868,21.598988,8.988450,-10.292727,21.595598,9.018222,-10.259116,21.640112,9.298113,-9.594835,21.871164,9.600859,-7.087694,21.566063,9.425434,-4.728209,21.966934,6.673173,-4.542402,21.877804,6.189727,-5.258148,22.136906,6.283394,-5.178203,22.162086,6.503595,-5.168411,22.345695,6.643391,-5.293765,22.203691,6.786601,-1.359623,22.055191,7.326857,-1.562604,21.717896,7.791858,-1.109990,21.258911,8.417485,-1.457865,20.857494,8.444820,-1.847200,19.631372,5.246057,-4.145709,19.902859,4.831383,-4.479162,20.012209,4.898814,-6.035763,20.067072,4.709225,-7.557889,20.838884,4.617788,-6.855855,20.676878,4.572545,-6.978539,20.477457,4.605191,-7.164773,20.390835,5.245436,-8.002510,20.478134,5.159201,-7.691113,21.175949,5.266225,-5.720150,21.565313,5.557881,-5.013042,21.065649,6.009721,-3.346726,20.162073,5.770889,-3.911415,19.824209,5.559082,-4.826574,20.101427,5.113765,-5.373520,20.760094,6.018168,-4.650908,21.332584,6.606011,-3.868575,21.311216,7.318806,-2.422729,20.610996,7.168226,-2.242496,20.407560,6.899586,-3.270457,20.308762,6.537734,-4.368894,22.443483,4.372579,-7.837812,21.057941,4.871885,-8.183743,20.398209,4.902708,-8.306231,20.026108,4.651213,-7.830302,20.064194,5.119233,-8.555501,20.736713,4.982859,-9.356638,21.425789,5.176380,-9.850925,20.445400,5.198120,-9.725204,19.988457,4.091960,-8.982247,19.402573,4.442614,-8.878262,20.096409,4.367455,-9.049261,21.237177,3.789066,-8.350909,21.557222,3.932385,-8.496788,21.083071,4.673457,-8.373817,20.893730,4.549328,-8.635612,20.870655,4.859464,-8.255338,21.091873,5.565198,-9.585526,20.156572,4.237050,-8.153111,19.171827,3.669095,-8.056396,20.110708,4.253464,-8.223108,20.677002,5.884695,-4.247869,20.969687,6.565026,-3.761873,-4.618975,-4.332739,-6.893001,-6.626304,-2.570601,-7.225166,-8.251873,-1.258027,-7.666289,-7.629761,-0.564274,-5.327813,-6.854395,-0.677368,-2.469634,-7.630897,-4.703277,-3.394272,-7.491498,-3.414916,-1.456954,-6.303936,-3.086500,-0.508166,-5.131612,-3.579724,0.957154,-5.752404,-5.562473,-2.211960,-5.487432,-4.790235,0.116417,-4.609363,-4.271167,-0.690957,-3.868106,-4.032846,-1.891259,-4.343904,-5.781415,-2.488909,-4.247791,-4.867813,-1.599924,-2.964335,-4.122952,-2.220650,-1.813418,-3.919134,-2.232359,-3.145750,-5.188785,-4.155199,-3.081228,-4.663851,-3.797507,-2.471280,-4.880892,-4.973464,-1.651035,-5.404656,-5.414999,-21.559538,-18.412254,18.664814,-27.274963,-18.597588,28.003626,-32.398262,-21.311514,35.577457,-35.268829,-24.089987,37.701946,-39.672241,-22.515816,42.266624,-26.745775,-29.995865,29.162672,-19.482555,-32.322235,26.222584,-19.883209,-28.464880,29.429146,-21.230207,-24.509130,31.576820,-22.393318,-30.532125,23.515718,-17.034224,-31.551376,22.761162,-19.464548,-29.901413,25.400860,-21.087906,-29.665277,27.512878,-18.448544,-29.835846,17.938660,-12.897529,-31.858440,17.495045,-17.080446,-30.897892,22.445105,-21.489998,-29.658598,26.639896,-14.267542,-29.150280,12.115377,-11.215536,-30.747475,12.036849,-12.639297,-31.239515,13.072036,-13.609477,-32.706619,12.960793
14.906876,6.394377,-2.634653,28.442007,17.288784,-9.706319,27.266361,18.583506,-5.620540,-22.878101,18.904173,-31.501865,-23.236725,-18.916159,18.251833,27.536360,14.425896,-13.094860,19.587395,10.571835,-22.340382,0.847212,-5.171490,-1.888340,12.456985,14.772185,-31.406694,12.710437,13.666281,-26.537125,-8.192297,-3.407659,0.584565,-7.434075,-3.699463,1.382569,10.734875,14.489679,-32.441517,-8.856443,-5.081232,1.945079,-7.419742,-5.129210,3.357042,16.009703,7.684958,-1.980363,15.331927,7.520450,-1.824476,20.533176,11.130284,7.403965,-9.893290,1.527894,-6.121284,-7.552871,-5.019176,3.209589,-7.918361,-5.124294,2.999326,-7.279977,-5.058816,3.317388,-7.402935,-3.544088,1.300550,-7.545234,-3.451690,1.292354,-7.297381,-3.796378,1.389185,17.769089,9.831536,4.635941,19.202013,9.680652,5.303256,20.969290,9.595044,4.782157,22.476145,10.025839,2.901123,22.998997,9.680430,2.258500,22.744188,8.956445,-0.739371,21.791304,7.149697,-2.412448,20.706156,6.093178,-4.199616,20.579994,6.382117,-7.765804,19.708708,7.147843,-7.352873,18.501179,8.567500,-9.131091,18.810122,8.707350,-8.644908,18.216803,9.315080,-8.506572,18.237434,9.200494,-8.438578,18.292877,9.233829,-7.767347,18.512001,9.409905,-5.317058,18.227535,9.072163,-2.936404,18.830667,6.430784,-2.106344,18.768915,5.898219,-2.775377,19.039856,5.940172,-2.725083,19.064804,6.184220,-2.714467,19.235668,6.287675,-2.898565,19.067112,6.698802,1.002923,18.888460,7.115797,0.742634,18.520826,7.498415,1.115692,18.045965,8.014477,0.639147,17.627132,7.975090,0.126305,16.405357,5.312948,-1.845762,16.628826,4.993302,-2.217274,16.670507,5.088050,-3.861000,16.671537,4.932220,-5.416136,17.421795,4.997287,-4.561671,17.270546,4.991344,-4.739658,17.060583,4.993659,-4.948221,16.973848,5.657726,-5.782351,17.072720,5.528941,-5.505294,17.961504,5.223298,-3.275721,18.384165,5.554349,-2.562262,17.879114,6.111838,-0.895018,16.885942,5.884551,-1.513751,16.527786,5.635791,-2.407550,16.825520,5.109741,-2.949285,17.481810,5.982045,-2.374985,18.116259,6.526208,-1.622849,18.093149,7.238008,-0.222100,17.320372,7.053981,-0.133382,17.087664,6.894871,-1.084729,16.996393,6.499810,-2.160428,18.983105,4.940473,-5.477211,17.552414,5.372724,-5.936972,16.913809,5.392334,-6.023545,16.553057,5.188968,-5.652232,16.572491,5.639181,-6.356500,17.276213,5.567877,-7.176690,17.966562,5.803476,-7.735758,16.906137,5.876651,-7.652224,16.397602,4.724093,-6.847358,15.785474,5.013761,-6.805966,16.498594,4.940240,-6.867185,17.689034,4.396561,-6.044388,18.075478,4.476593,-6.151523,17.531504,5.206901,-6.200561,17.334923,5.091004,-6.482542,17.329506,5.370790,-6.089052,17.610569,6.198248,-7.479202,16.634184,4.810753,-5.933259,15.663620,4.328388,-5.864892,16.612352,4.851304,-5.958365,17.459822,5.945815,-1.805998,17.710464,6.514633,-1.538220,-1.414312,-3.702496,-3.338360,-3.640251,-1.767133,-4.278515,-5.436151,-0.242690,-5.542221,-4.777527,0.404345,-3.545349,-4.034727,0.292154,-1.050134,-4.660875,-3.953169,-1.315291,-4.411034,-2.710165,0.370731,-3.186169,-2.464120,1.132548,-2.037522,-3.006735,2.400826,-2.602738,-4.962827,0.132249,-2.199057,-4.183381,2.072974,-1.405600,-3.412929,0.956629,-0.833042,-2.896379,-0.510009,-1.065079,-5.161583,0.129985,-0.860383,-4.183134,0.605924,0.266441,-3.170120,-0.392656,1.198498,-2.707752,-0.751698,0.211697,-4.414812,-1.277736,0.344362,-3.791220,-1.210098,0.847972,-3.756957,-2.688826,1.512307,-4.053895,-3.382335,-23.267225,-18.668816,19.970198,-28.920677,-18.887920,29.053823,-33.982262,-21.642456,36.325798,-36.839756,-24.369093,38.354900,-41.204437,-22.688564,42.865932,-28.732510,-30.500561,30.589705,-21.060781,-32.839691,27.250170,-21.239094,-28.730488,30.380884,-22.452278,-24.604395,32.540989,-24.421425,-31.009583,25.075958,-18.637268,-31.904495,23.849888,-20.820951,-29.925175,26.555443,-22.302757,-29.497534,28.792398,-20.462042,-30.251780,19.552299,-14.366492,-32.134258,18.685078,-18.336508,-30.861609,23.877316,-22.622326,-29.417337,28.349195,-16.238234,-29.512671,13.758574,-12.711473,-31.045031,13.397339,-13.952989,-31.424593,14.648306,-14.859432,-32.862976,14.893509
11.162860,6.440147,-1.083757,26.100946,18.258366,-8.673342,24.848680,19.982351,-4.407560,-23.877026,18.044996,-31.546280,-24.872883,-19.364237,19.499865,25.530064,13.719437,-12.863036,20.489172,10.562893,-19.217752,4.344777,-4.629061,1.605808,12.023416,15.923930,-31.842838,12.134200,15.183559,-27.354437,-9.384192,-3.245173,0.407920,-8.585007,-3.580094,1.287712,10.619210,14.834447,-32.276253,-10.100558,-5.340615,1.574344,-8.586714,-5.509566,3.014658,12.389180,7.660023,-0.078958,11.721842,7.122263,-0.422849,17.046879,11.064107,9.286530,-10.934322,0.446946,-8.265704,-8.721817,-5.409802,2.844702,-9.090159,-5.521980,2.611835,-8.452103,-5.425159,2.984520,-8.548244,-3.395928,1.213590,-8.678040,-3.277477,1.213834,-8.459054,-3.704042,1.284897,14.137384,9.666948,7.055728,15.508626,9.789338,7.657121,17.249445,9.950153,7.058100,18.753271,10.618942,5.006185,19.227732,10.256609,4.215624,18.938599,9.577320,1.129430,17.973175,7.939627,-0.524386,16.831032,7.017082,-2.294879,16.731110,7.450461,-5.961910,15.859905,8.027227,-5.680883,14.633917,9.324766,-7.546824,15.027350,9.346639,-6.950101,14.466819,9.803080,-6.793848,14.494790,9.533866,-6.664279,14.548016,9.301685,-5.939723,14.755400,9.355263,-3.538142,14.487302,8.848198,-1.115260,15.264027,6.424929,0.519445,15.220780,5.838717,-0.105263,15.496031,5.820264,-0.097518,15.517603,6.084240,-0.118535,15.680142,6.143637,-0.386823,15.504755,6.845350,3.429953,15.290957,7.113619,3.102535,14.893231,7.387994,3.382629,14.406127,7.762521,2.766218,13.979711,7.637881,2.138336,12.756787,5.632792,0.535961,12.945378,5.420362,0.096854,12.927838,5.542933,-1.659701,12.889482,5.424926,-3.269989,13.624912,5.682525,-2.234421,13.490268,5.707473,-2.493603,13.273441,5.666221,-2.742963,13.188431,6.342958,-3.580400,13.296781,6.159460,-3.336461,14.330786,5.450607,-0.678348,14.792400,5.820336,0.021871,14.290444,6.492387,1.657508,13.209541,6.277359,0.974293,12.829388,5.995940,0.116319,13.141943,5.383756,-0.394971,13.797189,6.181221,-0.035893,14.493649,6.659778,0.670773,14.467355,7.355451,2.008987,13.629558,7.130084,1.993408,13.369916,7.104081,1.123623,13.280220,6.683749,0.097691,15.148371,5.851811,-3.036750,13.672414,6.193909,-3.654543,13.062564,6.182670,-3.738075,12.714972,6.015767,-3.477807,12.712464,6.431636,-4.177622,13.454411,6.414617,-5.028672,14.154876,6.675370,-5.670470,13.023598,6.825307,-5.621671,12.471350,5.648768,-4.736730,11.820896,5.881379,-4.738303,12.547999,5.825634,-4.670378,13.782450,5.336878,-3.704437,14.218846,5.361103,-3.725538,13.611134,6.051792,-4.018471,13.413087,5.930707,-4.337383,13.424069,6.156526,-3.955649,13.776882,7.082963,-5.415838,12.770412,5.669056,-3.728358,11.812842,5.291519,-3.680427,12.764475,5.766918,-3.677032,13.839351,6.285724,0.744577,14.049756,6.680129,0.723006,2.106828,-3.215441,0.364855,-0.336122,-1.038146,-1.197760,-2.300815,0.764625,-3.304322,-1.609117,1.384999,-1.700138,-0.909253,1.298248,0.409258,-1.390029,-3.261088,0.818752,-1.017957,-2.080009,2.212335,0.235829,-1.925538,2.747990,1.343885,-2.512733,3.781076,0.851796,-4.465461,2.513430,1.410689,-3.672967,3.995012,2.106066,-2.602707,2.529998,2.484642,-1.752946,0.771696,2.529601,-4.666717,2.786329,2.862031,-3.599153,2.775251,3.815614,-2.256886,1.381965,4.499036,-1.475272,0.665383,3.898938,-3.772524,1.647835,4.115221,-3.019154,1.375625,4.506030,-2.682361,-0.418132,4.999267,-2.703360,-1.362637,-24.956978,-18.986460,21.357988,-30.518799,-19.268816,30.152739,-35.468288,-22.109102,37.082043,-38.229073,-24.836569,38.972656,-42.509438,-23.112528,43.417545,-30.560776,-31.117689,31.922634,-22.402954,-33.460186,28.177235,-22.375645,-29.129738,31.269903,-23.475716,-24.870457,33.475250,-26.268187,-31.581072,26.530935,-19.990520,-32.350761,24.841597,-21.926672,-30.060478,27.658520,-23.256571,-29.455059,30.040268,-22.296789,-30.742893,21.072088,-15.572782,-32.459827,19.805666,-19.370911,-30.840691,25.336603,-23.563265,-29.156427,30.162050,-18.049339,-29.927980,15.340400,-13.971020,-31.387331,14.725780,-15.037479,-31.628952,16.250523,-15.892358,-33.011700,16.899420
6.910673,6.725627,0.510798,23.502817,19.504902,-7.589832,22.190493,21.759398,-3.127176,-25.295284,17.263342,-31.564102,-26.445881,-19.933781,20.770296,23.322363,12.947180,-12.573192,21.611734,10.734954,-15.870049,8.210604,-4.185093,5.204686,11.546205,17.273054,-32.432480,11.471611,16.967819,-28.392023,-10.548046,-3.157939,0.078249,-9.702186,-3.537112,1.040109,10.534109,15.246869,-32.153072,-11.313753,-5.623428,1.083527,-9.722825,-5.910087,2.549158,8.239608,7.900041,1.937719,7.597605,6.864192,1.094030,13.049766,11.276251,11.342489,-11.932829,-0.832116,-10.483725,-9.860937,-5.820105,2.358581,-10.231254,-5.936345,2.105096,-9.592593,-5.813176,2.527234,-9.661640,-3.327580,0.972341,-9.779871,-3.185915,0.979465,-9.586310,-3.685417,1.029600,9.950548,9.809895,9.652950,11.280672,10.252988,10.142634,13.014682,10.698653,9.433667,14.534990,11.632803,7.181952,14.974592,11.260209,6.262173,14.678593,10.629180,3.069784,13.735072,9.164429,1.376657,12.577647,8.345338,-0.425154,12.520805,8.878717,-4.286137,11.658724,9.226562,-4.142181,10.394354,10.337511,-6.144577,10.847866,10.179064,-5.458624,10.279633,10.443336,-5.276566,10.288045,10.012989,-5.053500,10.320433,9.499047,-4.210381,10.519421,9.437095,-1.850179,10.262131,8.755731,0.637433,11.141518,6.748000,3.317034,11.103318,6.099710,2.726131,11.373665,6.005473,2.668605,11.388251,6.273542,2.560467,11.554640,6.269506,2.166546,11.400192,7.270729,5.817433,11.148021,7.351830,5.407287,10.724314,7.477736,5.576133,10.235424,7.663579,4.808188,9.820000,7.432454,4.085769,8.569391,6.264343,2.923202,8.745110,6.171709,2.372059,8.685880,6.318890,0.468877,8.636529,6.240150,-1.232352,9.366824,6.746643,0.028677,9.256566,6.785110,-0.351849,9.041842,6.679047,-0.669507,8.959144,7.341708,-1.518266,9.073242,7.089095,-1.303088,10.172878,6.042377,2.033814,10.679646,6.442676,2.685988,10.193066,7.229261,4.235561,9.033741,7.020165,3.475852,8.632325,6.719318,2.676537,8.951019,6.024137,2.236696,9.610080,6.655856,2.273771,10.364164,7.036525,2.908717,10.331711,7.688937,4.159197,9.447556,7.408568,4.022744,9.164274,7.546016,3.241488,9.066998,7.119289,2.309403,10.860953,7.215319,-0.583835,9.342790,7.421759,-1.428738,8.773194,7.338128,-1.561779,8.440465,7.186589,-1.412285,8.410405,7.534293,-2.133661,9.199262,7.552710,-3.029325,9.923375,7.810125,-3.776488,8.740542,8.075361,-3.743762,8.163542,6.913750,-2.756342,7.458120,7.103485,-2.766868,8.189479,7.094719,-2.551629,9.454444,6.700611,-1.420120,9.911889,6.691777,-1.286092,9.255030,7.278996,-1.930036,9.065413,7.125136,-2.305111,9.089225,7.257788,-1.974197,9.523534,8.239158,-3.507950,8.509875,6.855108,-1.646260,7.560034,6.616592,-1.603200,8.505736,7.075239,-1.478898,9.711964,6.986467,3.334749,9.892661,7.087778,2.913322,5.958672,-2.851072,4.175805,3.314981,-0.344550,1.982840,1.199204,1.811397,-0.955084,1.923558,2.434090,0.210525,2.567712,2.409070,1.912985,2.214968,-2.589190,2.996732,2.721856,-1.489527,4.058390,3.995806,-1.439450,4.322179,5.044928,-2.066732,5.075112,4.637798,-4.041438,4.904926,5.374492,-3.229983,5.850043,5.958326,-1.807455,3.988635,6.115114,-0.561700,1.908173,6.462088,-4.275281,5.441742,6.948994,-3.089333,4.858517,7.714269,-1.350629,3.052158,8.118517,-0.181206,1.970895,7.933507,-3.246406,4.573323,8.255841,-2.324459,3.903415,8.529400,-1.627080,1.781693,8.838712,-1.316636,0.590957,-26.534580,-19.447248,22.794334,-31.958422,-19.842810,31.278257,-36.707928,-22.841829,37.835075,-39.228626,-25.651033,39.527939,-43.355576,-23.976707,43.893597,-31.965967,-31.982340,33.013397,-23.196112,-34.278740,28.875511,-23.009943,-29.775963,32.019653,-24.036413,-25.445974,34.334332,-27.645113,-32.368561,27.710838,-20.783783,-32.979332,25.621946,-22.512426,-30.404032,28.656761,-23.694477,-29.640535,31.227865,-23.673925,-31.413473,22.333469,-16.210897,-32.898800,20.751446,-19.937613,-30.884171,26.784779,-24.104216,-28.910692,32.080544,-19.446856,-30.479305,16.717913,-14.714567,-31.832319,15.931746,-15.637482,-31.892975,17.821037,-16.468426,-33.175865,18.928343
2.045954,7.305447,2.016749,20.579779,21.102886,-6.537802,19.236090,24.015450,-1.859908,-27.242399,16.578854,-31.586170,-27.925508,-20.692743,22.106581,20.861208,12.098772,-12.259338,23.019756,11.153660,-12.293809,12.530954,-3.811290,8.903625,11.011785,18.834366,-33.233337,10.691113,19.051428,-29.729727,-11.583850,-3.192852,-0.451656,-10.684146,-3.614505,0.589646,10.488011,15.718828,-32.103535,-12.392366,-5.921906,0.434694,-10.727011,-6.311647,1.917441,3.443961,8.479764,3.946557,2.851269,6.774513,2.642118,8.418909,11.869614,13.474229,-12.740334,-2.374209,-12.663309,-10.869987,-6.230051,1.709620,-11.241036,-6.345135,1.438920,-10.599991,-6.205617,1.902290,-10.643221,-3.386868,0.526515,-10.751711,-3.228143,0.538158,-10.577057,-3.781251,0.573926,5.081339,10.379316,12.302992,6.399167,11.197965,12.614965,8.151896,11.973444,11.753763,9.711424,13.203528,9.267755,10.137197,12.837108,8.246916,9.873679,12.254562,4.929971,8.998816,10.952955,3.119954,7.882122,10.172435,1.240538,7.885071,10.725532,-2.921086,7.049967,10.792442,-2.916465,5.722340,11.614547,-5.103050,6.202553,11.186325,-4.349556,5.571901,11.205390,-4.130186,5.526868,10.613868,-3.781262,5.517570,9.807977,-2.740049,5.717169,9.639482,-0.421503,5.465272,8.781932,2.150569,6.336524,7.523972,6.144952,6.286651,6.801160,5.568789,6.541551,6.606548,5.414948,6.544559,6.843731,5.144608,6.734533,6.738193,4.571695,6.634849,8.019504,7.953384,6.342894,7.857702,7.446405,5.901175,7.774742,7.489890,5.428248,7.704195,6.565776,5.051710,7.343419,5.784335,3.723406,7.273811,5.127294,3.917212,7.311359,4.404295,3.842047,7.473063,2.316788,3.824420,7.428942,0.478885,4.559436,8.266195,2.021049,4.482688,8.288253,1.468822,4.284884,8.084831,1.052243,4.201610,8.684278,0.189063,4.316600,8.346327,0.385625,5.375730,7.117678,4.698078,5.933215,7.529092,5.253191,5.476652,8.414042,6.641117,4.256143,8.192061,5.794982,3.837944,7.897956,5.083101,4.152464,7.137599,4.769530,4.819098,7.443137,4.362401,5.620901,7.680214,4.891974,5.576998,8.244750,6.025780,4.677683,7.886537,5.752441,4.374285,8.225458,5.065212,4.257545,7.828130,4.284203,6.032957,9.151213,1.694537,4.478753,9.146380,0.533902,3.965249,8.919421,0.289213,3.648358,8.750298,0.340738,3.580994,8.973825,-0.430640,4.425113,8.998298,-1.377730,5.186939,9.208208,-2.249270,3.980783,9.643499,-2.210326,3.409484,8.556512,-1.101701,2.629130,8.729922,-1.080282,3.351097,8.814039,-0.708431,4.628302,8.580248,0.607084,5.070040,8.584473,0.980584,4.384686,8.956372,-0.145382,4.216462,8.723950,-0.589611,4.246392,8.705188,-0.354939,4.765694,9.668855,-1.946282,3.780777,8.401641,0.116647,2.830637,8.354703,0.169743,3.761028,8.849297,0.430207,4.971279,8.145593,5.772111,5.137823,7.754561,4.831081,10.211935,-2.577680,8.097453,7.400323,0.362035,5.282185,5.168245,2.951674,1.558294,5.929147,3.612807,2.245071,6.500988,3.698947,3.521478,6.239007,-1.884442,5.241237,6.897581,-0.890289,5.934320,8.184126,-0.963451,5.873196,9.154733,-1.626906,6.291426,8.833569,-3.646258,7.309987,9.781013,-2.808951,7.636172,10.242014,-0.976355,5.328276,10.147454,0.739231,2.895117,10.806614,-3.949057,8.088062,11.486295,-2.608951,6.838041,12.050665,-0.399547,4.602873,12.144012,1.236460,3.155086,12.385252,-2.802560,7.483156,12.845285,-1.663452,6.351560,12.999490,-0.537812,3.891746,13.113690,0.168451,2.464061,-27.958160,-20.125874,24.338297,-33.194462,-20.693249,32.505810,-37.627510,-23.939695,38.675392,-39.709084,-26.928335,40.094406,-43.588284,-25.411768,44.360798,-32.748142,-33.213451,33.821213,-23.193806,-35.371120,29.312790,-22.926790,-30.759546,32.641460,-23.935682,-26.445787,35.148006,-28.319931,-33.485580,28.552896,-20.763288,-33.863846,26.176825,-22.369049,-31.027275,29.594894,-23.424797,-30.123863,32.418095,-24.362158,-32.366211,23.277258,-16.021765,-33.505276,21.519430,-19.844618,-31.021873,28.294725,-24.094078,-28.687235,34.220493,-20.216410,-31.255590,17.850821,-14.697225,-32.436722,17.023731,-15.535942,-32.251160,19.406797,-16.390621,-33.370476,21.040792
-3.466153,8.107954,2.968589,17.156042,22.816551,-5.999460,15.792236,26.514151,-1.121859,-29.643551,15.698446,-31.670481,-29.397655,-21.774309,23.736425,18.026104,11.069277,-12.181465,24.816851,11.713133,-8.367054,17.669157,-3.367153,12.775001,10.327085,20.282276,-34.299198,9.712216,21.063257,-31.393282,-12.154172,-3.367064,-1.288505,-11.187346,-3.816324,-0.159228,10.348799,16.046793,-32.249096,-13.001763,-6.133051,-0.484049,-11.270846,-6.568263,1.017194,-2.025038,9.345997,5.420567,-2.535084,6.807606,3.788610,3.071681,12.809950,15.086158,-12.899950,-4.218093,-14.415105,-11.422091,-6.491331,0.798113,-11.793556,-6.597907,0.515617,-11.144914,-6.460781,1.008245,-11.151321,-3.587015,-0.218115,-11.252528,-3.425418,-0.204463,-11.087501,-3.987524,-0.177332,-0.498122,11.352833,14.344985,0.819424,12.586351,14.402782,2.596580,13.717558,13.345251,4.198771,15.252882,10.584396,4.636075,14.905735,9.484577,4.439419,14.355375,6.046282,3.673715,13.195378,4.069290,2.655792,12.361892,2.123527,2.721191,12.830519,-2.380318,1.931151,12.566527,-2.502121,0.524068,12.951360,-4.858303,0.999219,12.155634,-4.017306,0.260100,11.876549,-3.739517,0.139809,11.151821,-3.254234,0.090360,10.076633,-1.961835,0.315253,9.826804,0.284118,0.075337,8.809323,2.936538,0.845103,8.757516,8.331787,0.771638,7.950275,7.749695,1.003776,7.625478,7.480039,0.991775,7.775652,6.980001,1.221354,7.512841,6.200631,1.195916,9.010934,9.226060,0.870590,8.547215,8.627802,0.420795,8.181655,8.562217,-0.017473,7.771086,7.506521,-0.328603,7.259255,6.719483,-1.802847,8.586949,6.528952,-1.564695,8.755939,5.585398,-1.631469,8.909801,3.296910,-1.576964,8.878341,1.289576,-0.843287,10.136918,3.146969,-0.878280,10.100359,2.387042,-1.039672,9.760396,1.863079,-1.139049,10.216212,0.992782,-1.026947,9.785526,1.200359,-0.078311,8.651351,6.638090,0.532557,9.044351,7.056937,0.115041,9.993623,8.206895,-1.151533,9.723114,7.283798,-1.576811,9.469714,6.674630,-1.271739,8.676856,6.536584,-0.608944,8.442884,5.653878,0.232497,8.487733,6.052258,0.171038,8.906285,7.058022,-0.708500,8.440372,6.649276,-1.034147,9.013856,6.046545,-1.180936,8.696244,5.458070,0.605322,11.551659,3.150928,-0.965569,11.245750,1.618627,-1.404480,10.786389,1.232188,-1.706071,10.561607,1.227008,-1.823718,10.590547,0.400601,-0.932982,10.593411,-0.573886,-0.144519,10.705151,-1.552901,-1.344501,11.362103,-1.513030,-1.869161,10.421942,-0.291791,-2.735170,10.605840,-0.223869,-2.037200,10.837937,0.281851,-0.763017,10.844194,1.773655,-0.361949,10.925327,2.433031,-1.048357,10.945053,0.755695,-1.184624,10.580622,0.257536,-1.158732,10.345558,0.377381,-0.580438,11.205064,-1.221629,-1.495639,10.155466,1.033627,-2.447042,10.353208,1.092808,-1.540275,10.950211,1.458971,-0.405948,9.712061,7.386892,-0.247490,8.567068,5.916122,15.264871,-2.265844,12.199098,12.290179,1.174192,8.862761,9.915236,4.300534,4.419456,10.685043,5.070983,4.566165,11.170759,5.332392,5.418107,10.936312,-0.912891,7.586515,11.738669,-0.039224,7.914023,13.036691,-0.268046,7.517952,13.920161,-0.972049,7.576064,13.713468,-3.026102,9.753341,14.886641,-2.132051,9.454012,15.232258,0.144267,6.760858,14.880491,2.380762,4.044857,15.853529,-3.419555,10.765923,16.749502,-1.876178,8.847486,17.111189,0.852971,6.263076,16.881052,3.013146,4.522731,17.551495,-2.158501,10.450622,18.157814,-0.740782,8.861195,18.188032,0.875552,6.122290,18.099689,2.033130,4.512292,-29.345577,-21.106907,26.233553,-34.356297,-21.904669,34.065483,-38.378605,-25.468828,39.864197,-39.881496,-28.674545,40.973503,-43.487465,-27.336184,45.170952,-32.977844,-34.918095,34.670105,-22.432516,-36.822613,29.733765,-22.189411,-32.116432,33.325260,-23.249001,-27.856226,36.035007,-28.364729,-35.009892,29.395821,-19.944538,-35.052826,26.747631,-21.541218,-31.934340,30.666290,-22.533279,-30.863104,33.771965,-24.430004,-33.656101,24.238237,-15.023898,-34.297993,22.354671,-19.131069,-31.241510,30.084101,-23.589998,-28.450735,36.794209,-20.421461,-32.295616,19.048880,-13.930823,-33.191402,18.235834,-14.742829,-32.658337,21.218426,-15.685435,-33.519886,23.444910
-10.533958,7.466262,-0.280344,11.529398,21.830151,-9.706069,9.893885,26.652164,-4.731064,-32.129986,11.081659,-32.535698,-32.524418,-24.737701,27.531618,13.598351,8.353476,-14.860371,29.035912,11.248682,-1.638741,28.547581,-1.728779,18.909412,9.037207,18.412939,-35.847496,8.275805,19.576477,-33.453770,-9.022986,-3.907078,-4.173767,-7.881840,-4.233286,-2.783941,9.167072,14.148011,-33.455719,-9.920362,-5.292154,-3.335098,-8.173447,-5.277977,-1.688898,-9.061484,8.803617,2.231558,-9.298729,5.645858,0.908366,-4.508007,12.487374,11.433496,-8.169055,-6.993534,-12.175539,-8.351449,-5.179785,-1.885901,-8.734716,-5.253330,-2.152164,-8.034879,-5.218493,-1.685981,-7.874690,-4.109345,-2.831624,-7.978987,-4.037407,-2.825413,-7.783786,-4.316064,-2.793696,-7.887663,11.090957,11.075213,-6.768631,12.738518,10.819081,-5.177733,14.143894,9.615540,-3.690578,15.883262,6.542989,-3.171329,15.535400,5.397595,-3.309628,14.962217,2.102753,-3.949751,14.021244,0.170223,-4.735972,13.088643,-1.356673,-4.630021,13.394572,-5.785376,-5.378270,12.769883,-5.997845,-6.799650,12.322371,-8.021934,-6.340808,11.132396,-6.823436,-7.152750,10.563210,-6.416837,-7.292643,9.937651,-5.940726,-7.200062,8.812453,-4.626835,-6.800391,8.637540,-2.819835,-6.910513,7.579125,-0.379904,-6.247033,8.991024,5.053875,-6.311245,8.103662,4.428798,-6.044831,7.614645,4.092851,-6.019314,7.597412,3.331461,-5.732190,7.122977,2.523745,-5.785971,8.707923,5.216094,-6.054513,7.975472,4.639576,-6.479022,7.266536,4.696362,-6.856233,6.415288,3.729782,-7.106422,5.774207,3.148176,-9.002442,8.613877,2.877618,-8.745467,8.908979,1.797116,-8.769749,8.981162,-0.577088,-8.618267,8.855534,-2.763251,-8.095363,10.654178,-0.495010,-8.039705,10.469861,-1.459037,-8.092558,9.970592,-1.947666,-8.300027,10.047721,-2.764983,-8.182636,9.601948,-2.342275,-7.272906,9.106931,3.082036,-6.608493,9.442004,3.388196,-6.996088,10.439070,4.175096,-8.312225,10.053006,3.372324,-8.714696,9.838782,2.793328,-8.401058,9.031878,2.846674,-7.780138,8.074921,2.182282,-6.842833,7.937956,2.428226,-6.916142,8.146744,3.418013,-7.722551,7.575811,2.965030,-8.126669,8.332057,2.381835,-8.324628,8.133302,1.941851,-6.849049,12.509415,-0.235360,-8.219660,11.806009,-2.079147,-8.483830,11.033521,-2.498965,-8.755653,10.750551,-2.322013,-8.935040,10.525036,-3.058443,-8.141624,10.614284,-3.828414,-7.566916,10.641685,-4.649623,-8.758455,11.465947,-4.775994,-9.140784,10.731888,-3.634550,-10.034350,10.848886,-3.639950,-9.389303,11.275102,-3.206961,-8.167942,11.595375,-1.608468,-7.768240,11.773227,-0.897064,-8.276171,11.347042,-2.897987,-8.370399,10.843625,-3.287816,-8.334213,10.369243,-3.156537,-7.965978,11.155679,-4.537280,-8.792728,10.333463,-2.292764,-9.694150,10.747705,-2.272286,-8.822167,11.473628,-2.126436,-7.513575,10.123386,3.419425,-7.323961,7.987333,2.262261,26.440624,-1.041277,18.453447,22.886044,2.623992,15.347929,19.553989,6.871200,10.257565,19.916876,8.240810,9.500756,20.358082,8.805776,10.050664,19.681082,2.818357,11.233582,20.326305,3.715955,11.558053,21.768316,3.067288,11.185061,22.718851,2.111067,11.072370,22.911430,0.492680,13.494667,24.137899,1.745829,13.333590,24.638742,4.165372,11.199424,24.313448,6.653212,9.046592,25.490936,0.117429,15.070113,26.480659,2.067307,13.365212,26.787483,5.061736,11.202121,26.439323,7.534250,9.753253,27.503143,1.644473,15.553929,28.013617,3.557655,14.137321,27.894598,5.691588,11.658114,27.629728,7.270591,10.181425,-32.636154,-23.406237,30.454220,-37.491634,-24.495798,37.756966,-41.325886,-28.216640,43.610638,-42.966183,-31.041010,45.090214,-47.144325,-28.914904,49.987083,-34.340355,-38.374916,38.802017,-21.967436,-39.848183,32.648365,-22.040895,-34.387928,36.080879,-23.345282,-29.546995,38.397110,-29.552328,-37.865406,33.695816,-19.191235,-37.270962,29.750978,-20.959978,-33.215496,33.762661,-22.244738,-31.353815,36.955276,-25.643818,-35.920238,28.624031,-14.068119,-35.701366,25.755186,-18.618994,-31.440416,34.388668,-23.498886,-27.680939,42.111259,-21.777828,-34.047592,23.486423,-13.374375,-34.226677,22.056292,-14.025989,-32.877224,25.540726,-15.220978,-33.076660,28.542913
-17.311251,7.574313,-2.247162,5.977523,21.100330,-12.605084,3.985766,26.737530,-7.887444,-34.087841,7.212274,-32.658989,-33.840778,-27.375277,30.309706,9.179649,6.041302,-16.614105,31.722179,10.661911,3.723136,37.487206,-0.481192,23.189352,7.369009,17.110998,-37.363922,6.551276,18.464422,-35.248318,-6.707706,-4.114777,-6.312550,-5.436481,-4.348676,-4.713878,7.627321,12.705500,-34.681419,-7.718496,-4.515949,-5.566245,-5.969205,-4.163984,-3.768803,-15.717961,8.874911,0.348648,-15.740096,5.141121,-0.826279,-11.554515,12.379237,8.959304,-4.481453,-9.463977,-10.968533,-6.169281,-4.053888,-3.955215,-6.563434,-4.105748,-4.215444,-5.820716,-4.141345,-3.753031,-5.446858,-4.304843,-4.749632,-5.544691,-4.298997,-4.746375,-5.348031,-4.366883,-4.720136,-14.729841,11.173332,8.711860,-13.814103,13.168059,8.118670,-12.406861,14.791312,6.715039,-11.042518,16.705660,3.292321,-10.466784,16.421183,1.973173,-10.569546,15.872218,-1.283286,-11.147702,15.189551,-3.213212,-11.731728,14.191255,-4.413039,-11.615952,14.293992,-8.708767,-12.325375,13.278961,-8.934142,-13.677948,11.850823,-10.488186,-13.202298,10.158419,-8.836298,-14.035386,9.219722,-8.286947,-14.178447,8.697026,-7.906512,-13.957314,7.580395,-6.642014,-13.403422,7.483149,-5.234202,-13.398799,6.411808,-2.944628,-12.798055,9.784488,2.767678,-12.837316,8.837473,2.132674,-12.550307,8.183561,1.795197,-12.495857,7.966512,0.849130,-12.199419,7.260048,0.036963,-12.268462,8.832387,2.421880,-12.480936,7.817255,1.838444,-12.880486,6.740205,1.975501,-13.206108,5.411690,1.066702,-13.411421,4.615610,0.584059,-15.678797,9.158373,0.125781,-15.428866,9.585412,-1.089025,-15.458989,9.605564,-3.469799,-15.276894,9.391541,-5.693540,-14.937366,11.668715,-3.279002,-14.817422,11.344631,-4.344202,-14.778887,10.686868,-4.786003,-15.074115,10.314291,-5.494184,-14.949699,9.854878,-4.934644,-13.963666,10.086225,0.497979,-13.242447,10.350860,0.758756,-13.616612,11.369676,1.249170,-15.001941,10.867342,0.521949,-15.397037,10.701735,-0.048229,-15.073950,9.897655,0.169500,-14.471779,8.106912,-0.333612,-13.436346,7.758668,-0.202274,-13.501790,7.743024,0.765042,-14.268985,7.049094,0.282370,-14.757798,7.997347,-0.296896,-14.997272,7.952624,-0.646967,-13.883790,13.886683,-3.065292,-15.085651,12.846827,-5.003393,-15.212451,11.767566,-5.338495,-15.452538,11.434925,-5.028443,-15.673361,10.909170,-5.648776,-14.978182,11.048967,-6.260508,-14.592613,10.929075,-6.935056,-15.769275,11.947348,-7.294215,-16.048616,11.470479,-6.230592,-16.961428,11.569476,-6.378164,-16.380745,12.182132,-6.033055,-15.184096,12.778715,-4.409137,-14.768228,13.048807,-3.661567,-15.112469,12.236692,-5.743934,-15.170372,11.590914,-6.018494,-15.150667,10.851484,-5.805105,-14.937247,11.488109,-7.041986,-15.719609,10.948430,-4.836915,-16.560711,11.601874,-4.922017,-15.751463,12.465654,-5.010111,-14.144460,11.021321,0.539954,-13.927476,7.753375,-0.388688,35.685268,-0.316004,22.673002,31.604252,3.483885,19.901985,27.427713,8.862458,14.534466,27.421244,10.945000,13.126924,27.824078,11.844263,13.461011,26.964558,5.906156,14.083041,27.454504,6.921173,14.448485,28.923120,6.042118,14.092581,29.855770,4.987415,13.850582,30.605255,3.419507,16.430702,31.807938,5.174575,16.461290,32.446297,7.725184,14.924783,32.194088,10.358375,13.385778,33.567307,3.063694,18.443174,34.588837,5.493982,17.035225,34.861221,8.694081,15.383129,34.452431,11.379156,14.319400,35.864948,4.788927,19.602606,36.257153,7.232389,18.474585,36.035801,9.782467,16.402016,35.656151,11.690784,15.191822,-34.119759,-25.539795,33.648460,-38.625431,-27.131340,40.208099,-42.120918,-31.203726,45.709953,-43.727325,-33.743107,47.153782,-48.418396,-31.106133,52.570518,-33.859680,-41.516979,41.023979,-19.962137,-42.454243,33.418629,-20.411276,-36.484756,36.626324,-21.985567,-31.229736,38.550190,-29.092876,-40.321186,36.153717,-17.112549,-39.095612,30.735205,-19.199356,-34.414753,34.851063,-20.889059,-31.977463,38.145756,-25.321751,-37.741001,31.254566,-12.011106,-36.646442,27.137094,-16.988474,-31.576012,36.425053,-22.251165,-27.214266,44.963428,-21.668530,-35.277977,26.185255,-11.655273,-34.685829,23.851435,-12.206063,-32.568996,27.702793,-13.620412,-32.129322,31.315083
-22.437027,9.776869,-0.822132,1.942817,22.804487,-12.648998,-0.257919,28.596149,-8.363955,-35.617744,6.625617,-31.763147,-31.799109,-28.449757,30.176279,5.899477,5.582851,-15.994999,31.114534,10.635094,5.697894,40.059986,0.238618,24.317280,5.723986,18.479700,-38.791187,4.837954,19.897417,-36.733269,-7.374891,-3.943257,-6.307336,-6.078388,-4.216721,-4.674557,6.418276,13.196167,-35.422150,-8.485465,-4.573583,-5.923967,-6.694943,-4.297977,-4.091223,-20.637236,10.989180,2.171338,-20.635632,6.496552,0.736125,-16.305836,13.874987,10.568029,-4.799751,-10.885545,-13.042873,-6.901339,-4.196776,-4.297249,-7.298329,-4.249761,-4.577566,-6.550658,-4.270421,-4.063052,-6.085905,-4.162894,-4.695271,-6.167750,-4.146092,-4.678002,-6.004600,-4.247536,-4.695335,-19.518524,12.910687,10.161242,-18.660589,15.167604,9.243764,-17.291971,16.999029,7.537254,-15.967874,19.114853,3.741051,-15.411444,18.911724,2.115504,-15.504594,18.419559,-1.376318,-16.087215,17.911222,-3.469276,-16.594801,16.857960,-4.758769,-16.503695,16.761391,-9.145245,-17.177855,15.388418,-9.330554,-18.469206,13.182168,-10.666588,-17.941267,10.931159,-8.633215,-18.777212,9.562308,-7.948431,-18.918121,8.982239,-7.591507,-18.683327,7.775846,-6.221581,-18.079859,7.666836,-4.878294,-18.045277,6.542492,-2.467528,-17.371662,12.266894,4.466882,-17.387951,11.289864,3.870170,-17.139355,10.509184,3.558434,-17.116978,10.118713,2.514215,-16.881285,9.195410,1.608175,-16.898689,10.768802,3.697106,-17.127264,9.411862,3.038075,-17.542624,7.980080,3.072248,-17.868963,6.198314,2.060349,-18.038410,5.172175,1.471378,-20.380495,11.496824,0.973874,-20.136351,12.035748,-0.431095,-20.245796,12.057670,-2.836942,-20.114187,11.816833,-4.974300,-19.787848,14.406522,-2.713877,-19.670816,14.015324,-3.805058,-19.608322,13.206281,-4.275875,-19.942318,12.520088,-4.909595,-19.808672,11.986859,-4.394214,-18.611574,12.737885,1.886322,-17.835669,12.961829,2.145818,-18.213722,13.979885,2.493105,-19.690575,13.391665,1.658574,-20.105606,13.288445,1.112934,-19.776663,12.495090,1.454893,-19.202213,9.899707,0.623719,-18.118521,9.311509,0.712010,-18.181887,9.101665,1.583180,-18.972101,8.246266,1.042925,-19.510845,9.439473,0.459378,-19.758049,9.553466,0.169005,-18.820839,16.970669,-2.804690,-20.039167,15.728076,-4.699753,-20.137766,14.392469,-4.920815,-20.360222,13.994510,-4.665618,-20.606855,13.170930,-5.243657,-19.914000,13.230170,-5.859834,-19.540627,12.898779,-6.563154,-20.697636,14.159460,-7.114001,-20.950575,13.938176,-6.000759,-21.918917,14.122363,-6.298352,-21.388115,14.896024,-5.927814,-20.143576,15.695562,-4.305928,-19.716717,16.074085,-3.370698,-20.053413,14.983089,-5.483120,-20.090899,14.181359,-5.734218,-20.131390,13.165892,-5.458510,-19.852930,13.544262,-6.727655,-20.609201,13.342015,-4.474581,-21.409203,14.260256,-4.704919,-20.678640,15.287887,-4.843372,-18.776495,13.616631,1.795035,-18.626783,9.246863,0.484727,38.285240,0.163334,23.795950,34.043892,4.241565,20.951982,29.706448,10.091321,15.329684,29.692532,12.449637,13.604543,30.050264,13.566644,13.720777,29.638113,6.671185,14.773223,30.225409,7.689310,14.945363,31.539770,6.933974,14.480299,32.286034,6.070122,14.124601,33.480488,3.962155,17.149855,34.739861,6.043607,16.839268,35.244167,9.002948,15.455118,34.836239,11.968952,14.123557,36.548122,3.588897,19.231615,37.632797,6.369971,17.560234,37.722713,9.957110,16.111309,37.106426,12.970741,15.228606,38.890720,5.406591,20.558187,39.304977,8.208931,19.328259,38.987812,11.076392,17.458353,38.488441,13.261719,16.467316,-32.104954,-26.663902,33.886303,-35.982861,-28.885950,39.557697,-38.721474,-33.587803,43.925522,-39.574127,-36.363438,44.476109,-44.272709,-34.199474,49.909798,-29.870377,-43.109917,38.305389,-15.508750,-43.418110,29.839249,-16.258667,-37.687672,33.135849,-18.049458,-32.667767,35.121273,-25.339643,-41.448463,33.750210,-13.004026,-39.730129,27.707001,-15.514601,-35.266590,32.307938,-17.534286,-32.949226,35.887680,-21.903177,-38.450207,29.280413,-8.252458,-36.625130,24.512239,-13.622792,-31.667498,34.278439,-19.170475,-27.492828,43.283974,-18.633129,-35.510246,24.559736,-8.099434,-34.301826,21.633261,-8.777246,-31.819715,25.805882,-10.317933,-31.068293,29.714247
-26.202551,11.802744,0.169501,-1.183853,24.369738,-12.958462,-3.556554,29.962067,-9.070053,-36.994423,6.019796,-31.276897,-29.417053,-29.298326,29.400883,3.306465,5.645500,-15.577181,30.044230,10.381510,6.851411,41.649742,0.813529,25.051184,4.145429,19.714180,-40.210056,3.280268,21.038313,-38.068810,-7.483611,-3.962102,-6.541924,-6.154350,-4.249807,-4.886131,5.210522,13.776225,-36.213833,-8.651253,-4.595721,-6.376776,-6.836283,-4.327964,-4.524951,-24.173155,12.958476,3.482173,-24.219992,7.949512,1.917525,-19.675776,15.320121,11.720860,-4.896638,-12.134906,-14.512712,-7.047800,-4.229995,-4.739353,-7.448529,-4.284175,-5.029035,-6.693065,-4.301592,-4.488306,-6.163630,-4.200886,-4.895422,-6.238080,-4.186637,-4.869657,-6.087670,-4.279132,-4.915347,-22.909746,14.491467,11.142019,-22.095369,16.911858,9.951173,-20.764544,18.873484,7.984805,-19.494549,21.111849,3.885055,-18.981859,20.934046,1.990270,-19.109011,20.451687,-1.704350,-19.742464,20.052048,-3.934954,-20.228781,18.945393,-5.317102,-20.178642,18.709906,-9.750961,-20.832563,17.127941,-9.924594,-22.066154,14.395524,-11.017790,-21.473524,11.768767,-8.630740,-22.294842,10.101331,-7.795676,-22.410463,9.489352,-7.452980,-22.151258,8.229297,-5.962583,-21.495428,8.120953,-4.613264,-21.426352,6.975160,-2.102291,-20.561363,14.450816,5.618629,-20.548243,13.469714,5.063413,-20.334600,12.610067,4.798267,-20.349991,12.093821,3.697008,-20.181864,11.022016,2.742727,-20.166851,12.613854,4.643640,-20.415867,11.009038,3.938319,-20.856754,9.321470,3.895477,-21.213943,7.200111,2.815545,-21.374182,5.984521,2.144567,-23.743153,13.594412,1.502198,-23.509373,14.197216,-0.060958,-23.698431,14.197042,-2.521452,-23.622362,13.919534,-4.590573,-23.320559,16.716894,-2.502279,-23.211641,16.279024,-3.606911,-23.137949,15.354974,-4.088295,-23.507959,14.443046,-4.657536,-23.365244,13.854633,-4.154540,-21.887230,15.026898,2.782223,-21.057482,15.234831,3.069813,-21.448679,16.267849,3.329980,-23.025490,15.610669,2.404107,-23.454767,15.546419,1.850618,-23.112505,14.747906,2.273074,-22.603207,11.600846,1.248061,-21.470669,10.840182,1.331986,-21.545568,10.491405,2.163560,-22.369740,9.509373,1.576674,-22.950497,10.882811,0.966094,-23.198418,11.108920,0.699813,-22.451385,19.490704,-2.861031,-23.687607,18.135054,-4.708649,-23.767105,16.609293,-4.831359,-23.988998,16.145962,-4.622417,-24.248472,15.099484,-5.141047,-23.567337,15.080900,-5.754203,-23.207357,14.594205,-6.464893,-24.356352,16.008406,-7.170724,-24.578974,15.972408,-6.032282,-25.586357,16.224319,-6.467148,-25.089014,17.133987,-6.081930,-23.799978,18.087147,-4.470978,-23.357183,18.568277,-3.389729,-23.720175,17.274038,-5.520633,-23.751179,16.340836,-5.753462,-23.835348,15.115183,-5.423658,-23.496317,15.286578,-6.674861,-24.192286,15.346472,-4.395556,-24.949671,16.457859,-4.741400,-24.280689,17.629457,-4.941134,-22.046173,15.882742,2.626728,-22.001783,10.728489,1.080070,39.954391,0.579946,24.451040,35.631447,4.830621,21.560680,31.228403,10.966408,15.816858,31.249403,13.484273,13.947479,31.602461,14.720108,13.963761,31.461866,7.205319,15.183310,32.156490,8.162969,15.325232,33.374508,7.427014,14.856325,33.993725,6.646688,14.463784,35.423264,4.369817,17.580559,36.747856,6.629949,17.151272,37.180031,9.799881,15.958292,36.681881,12.938756,14.799397,38.534058,4.013552,19.704874,39.689713,6.995815,17.964897,39.677711,10.767835,16.741318,38.947048,13.934525,16.041389,40.874771,5.911460,21.144670,41.310570,8.961334,19.925734,40.940056,12.002378,18.254272,40.375443,14.329274,17.467411,-29.754925,-27.541563,33.430027,-33.088295,-30.250565,38.340443,-35.094852,-35.444801,41.692688,-35.375183,-38.405025,41.560024,-40.321243,-36.620007,47.206524,-25.108452,-44.312321,34.786346,-10.422555,-43.974472,25.757338,-11.565198,-38.543377,29.256754,-13.647740,-33.791981,31.365728,-20.757933,-42.284035,30.601328,-8.246388,-40.128559,24.288973,-11.245736,-36.074604,29.398159,-13.638430,-34.016510,33.279449,-17.701752,-38.966373,26.666878,-3.962391,-36.486126,21.536760,-9.775852,-31.932219,31.646719,-15.661913,-28.162565,40.972950,-14.894039,-35.640041,22.413677,-4.074646,-33.875950,19.066484,-4.940368,-31.219147,23.428909,-6.617446,-30.322247,27.466091
-28.562937,13.511760,0.888766,-3.241325,25.773159,-13.364358,-5.742724,30.912838,-9.766559,-38.159557,5.268809,-31.408194,-26.873926,-30.159128,28.009993,1.551218,6.158538,-15.398108,28.673140,9.919776,7.212801,42.409443,1.241462,25.538307,2.806369,20.853409,-41.552898,2.020720,22.000425,-39.248657,-7.049178,-4.224275,-7.126301,-5.675033,-4.500320,-5.456289,4.181116,14.445996,-36.980068,-8.223330,-4.623972,-7.016510,-6.394331,-4.293190,-5.160268,-26.299196,14.640415,4.452874,-26.459202,9.342892,2.809197,-21.618517,16.648081,12.571185,-4.782063,-13.185394,-15.366398,-6.610243,-4.192060,-5.371352,-7.016561,-4.247354,-5.659130,-6.248569,-4.274145,-5.119482,-5.691623,-4.471449,-5.458617,-5.768533,-4.473704,-5.431086,-5.606742,-4.513634,-5.486727,-24.891697,15.822583,11.893639,-24.092623,18.331570,10.504053,-22.783661,20.367065,8.343202,-21.560349,22.666069,4.026513,-21.113905,22.448536,1.919553,-21.317846,21.929253,-1.940519,-22.039190,21.580839,-4.284146,-22.573921,20.441498,-5.776108,-22.577089,20.162796,-10.244900,-23.232151,18.513670,-10.469431,-24.425690,15.549331,-11.368703,-23.755297,12.744369,-8.689535,-24.547859,10.917527,-7.717978,-24.618048,10.281875,-7.375598,-24.331352,8.977960,-5.750340,-23.632839,8.872942,-4.336177,-23.532940,7.722512,-1.757740,-22.377872,16.172766,6.502629,-22.334080,15.210563,5.986281,-22.151491,14.324981,5.771491,-22.205147,13.750213,4.636694,-22.103224,12.614399,3.657731,-22.064814,14.273270,5.460037,-22.344196,12.522766,4.717877,-22.822254,10.691640,4.603791,-23.239168,8.365675,3.459819,-23.415504,7.011073,2.717819,-25.751631,15.355109,1.964474,-25.528631,15.980166,0.283301,-25.791994,15.940243,-2.267311,-25.772114,15.627751,-4.298945,-25.491117,18.538244,-2.352520,-25.392231,18.077162,-3.472218,-25.325489,17.076941,-3.960844,-25.726751,16.056641,-4.496604,-25.576153,15.422800,-3.978404,-23.783649,16.819033,3.475693,-22.900803,17.040855,3.808447,-23.304813,18.119883,4.028551,-24.987368,17.420717,3.019989,-25.426409,17.366373,2.440476,-25.068840,16.535276,2.905223,-24.655764,13.146166,1.747253,-23.475197,12.287033,1.847143,-23.574276,11.863525,2.680693,-24.443342,10.797128,2.041193,-25.054577,12.284777,1.403489,-25.298233,12.565986,1.141848,-24.707342,21.401360,-2.878170,-25.976437,20.014185,-4.716400,-26.050714,18.373981,-4.784570,-26.287804,17.852255,-4.620532,-26.551098,16.678175,-5.083895,-25.882027,16.591335,-5.688636,-25.531029,16.018658,-6.401683,-26.686361,17.500349,-7.209526,-26.880671,17.561733,-6.055305,-27.912216,17.855312,-6.596035,-27.423292,18.871048,-6.185625,-26.087900,19.921879,-4.569718,-25.624489,20.488365,-3.372747,-26.062216,19.069288,-5.562671,-26.104937,18.037302,-5.798971,-26.212650,16.677258,-5.440814,-25.809818,16.715506,-6.638810,-26.415550,16.944250,-4.329333,-27.125982,18.173132,-4.740042,-26.491823,19.452368,-4.980289,-23.938469,17.703114,3.308079,-24.033815,12.149412,1.581063,40.839287,0.937615,24.828180,36.496468,5.278229,21.897293,32.099121,11.537042,16.125261,32.173203,14.111016,14.251630,32.537991,15.380641,14.264524,32.534958,7.557936,15.460732,33.341797,8.396126,15.691945,34.523979,7.578579,15.280923,35.078316,6.774786,14.894835,36.545956,4.681825,17.878025,37.943188,6.969103,17.498041,38.352589,10.178992,16.477823,37.811604,13.357537,15.414259,39.651520,4.371195,20.027349,40.883045,7.406738,18.353979,40.832657,11.193728,17.318085,40.059719,14.366226,16.755362,41.955818,6.339622,21.529789,42.409779,9.533347,20.391548,42.017105,12.634160,18.876274,41.427788,14.994287,18.250778,-27.271767,-28.418589,32.333282,-30.192648,-31.475348,36.674496,-31.541489,-37.023037,39.211056,-31.440912,-40.134808,38.666828,-36.884510,-38.641098,44.783035,-19.861248,-45.318829,30.631430,-4.891300,-44.326084,21.284525,-6.476095,-39.231705,25.094643,-8.910824,-34.761715,27.415150,-15.592953,-43.012596,26.819487,-3.015876,-40.474190,20.557520,-6.551939,-36.995632,26.216013,-9.361174,-35.319271,30.452942,-12.932537,-39.478142,23.490324,0.738459,-36.430298,18.254446,-5.550935,-32.536598,28.586159,-11.836757,-29.355822,38.122013,-10.641047,-35.870823,19.806313,0.304262,-33.625660,16.190254,-0.782156,-30.976049,20.612915,-2.594445,-30.088181,24.631187
-29.752062,14.965353,1.501707,-4.333621,27.025360,-13.726845,-6.925049,31.573696,-10.287648,-39.146156,4.351789,-32.079826,-24.407774,-31.190235,26.444292,0.562126,6.997869,-15.446261,27.099051,9.234415,6.789869,42.530563,1.509043,25.706999,1.778128,21.910881,-42.794510,1.102649,22.855822,-40.291222,-6.349405,-4.636480,-7.992714,-4.921282,-4.885821,-6.310428,3.406213,15.167830,-37.706505,-7.492405,-4.685057,-7.837459,-5.650043,-4.251152,-5.977596,-27.264799,16.056616,5.274418,-27.578426,10.640501,3.549294,-22.390800,17.824352,13.288324,-4.627193,-14.009297,-15.809540,-5.869750,-4.142699,-6.178595,-6.283216,-4.199425,-6.457912,-5.499355,-4.241997,-5.935841,-4.948044,-4.883743,-6.309301,-5.034061,-4.909337,-6.284521,-4.845313,-4.875825,-6.337333,-25.737614,16.916788,12.623892,-24.927931,19.469719,11.110950,-23.623652,21.545317,8.819001,-22.431883,23.869732,4.357109,-22.071033,23.571835,2.074009,-22.388124,23.001324,-1.921078,-23.226860,22.690552,-4.359998,-23.876026,21.568375,-5.971592,-23.939651,21.351530,-10.452477,-24.612663,19.723104,-10.776023,-25.776089,16.758913,-11.526114,-25.003342,13.916396,-8.576454,-25.747412,12.027575,-7.487823,-25.750654,11.357864,-7.133617,-25.438240,9.998296,-5.385267,-24.713732,9.888412,-3.886896,-24.592726,8.731624,-1.284945,-23.082010,17.477375,7.377018,-23.006590,16.553007,6.895603,-22.849842,15.688799,6.727916,-22.936422,15.122233,5.577062,-22.897760,13.998484,4.582145,-22.831978,15.786090,6.368395,-23.157297,13.968456,5.585278,-23.684484,12.083514,5.396156,-24.181623,9.666324,4.173513,-24.391443,8.215772,3.357040,-26.631027,16.855288,2.567255,-26.420887,17.479296,0.811369,-26.759251,17.401989,-1.842668,-26.800932,17.071196,-3.860433,-26.528522,20.022913,-2.010033,-26.440023,19.560139,-3.147950,-26.398460,18.516098,-3.641709,-26.828751,17.492386,-4.170541,-26.668371,16.812677,-3.621880,-24.554607,18.194546,4.224387,-23.621517,18.455290,4.613141,-24.030077,19.611639,4.827420,-25.817217,18.902050,3.739519,-26.265934,18.832363,3.126501,-25.896997,17.940956,3.603533,-25.594242,14.587117,2.353488,-24.372341,13.686433,2.477193,-24.501568,13.239659,3.332420,-25.424982,12.126774,2.632597,-26.054556,13.679865,1.978775,-26.290266,13.969837,1.708609,-25.815994,22.881699,-2.626200,-27.143166,21.526573,-4.496261,-27.227583,19.840183,-4.543466,-27.486176,19.278957,-4.424481,-27.751490,18.065956,-4.843729,-27.084591,17.924925,-5.424043,-26.736757,17.319948,-6.126115,-27.917538,18.814589,-7.015189,-28.097975,18.897072,-5.859162,-29.145393,19.205496,-6.491621,-28.639832,20.293167,-6.043681,-27.244360,21.382690,-4.395270,-26.747496,22.007893,-3.094496,-27.310350,20.541874,-5.390195,-27.382101,19.449490,-5.648807,-27.499142,18.022972,-5.274482,-27.018005,17.995611,-6.390120,-27.528778,18.310802,-4.058481,-28.183378,19.590614,-4.494029,-27.557882,20.932589,-4.746331,-24.703209,19.155523,4.083326,-24.961311,13.542040,2.204293,41.113857,1.190771,24.873030,36.784531,5.590670,21.912432,32.425430,11.889530,16.168619,32.556004,14.460728,14.381063,32.937782,15.709491,14.455033,33.011639,7.751478,15.551188,33.933327,8.455359,15.941953,35.120415,7.505157,15.635212,35.652515,6.612009,15.292477,37.042221,4.874617,17.996824,38.522232,7.113792,17.758326,38.943401,10.276480,16.900509,38.390209,13.420899,15.890706,40.125240,4.613488,20.159655,41.439716,7.627244,18.620703,41.393433,11.339595,17.748125,40.625050,14.433462,17.297615,42.383816,6.636178,21.684538,42.857204,9.920696,20.658503,42.464371,13.022959,19.275642,41.878277,15.356730,18.792782,-24.903069,-29.469465,31.064919,-27.488134,-32.764706,34.983425,-28.226288,-38.534286,36.856045,-27.853554,-41.754951,36.086609,-33.946247,-40.501217,42.862644,-14.539643,-46.265095,26.385418,0.658371,-44.610878,16.911964,-1.375646,-39.856476,21.068314,-4.194679,-35.654964,23.636684,-10.316481,-43.745819,22.944134,2.220301,-40.845890,16.969336,-1.860725,-38.018330,23.177111,-5.109374,-36.788315,27.793180,-8.071503,-40.080204,20.250774,5.428142,-36.520229,15.099078,-1.308032,-33.392250,25.550079,-8.004151,-30.878883,35.218716,-6.332278,-36.286823,17.189482,4.651554,-33.600201,13.414424,3.351726,-31.041378,17.823099,1.422586,-30.231121,21.752535
-30.131657,16.240137,2.099552,-4.723322,28.124058,-13.943801,-7.395628,32.063282,-10.549209,-39.920197,3.283599,-33.097836,-22.117121,-32.498322,24.957754,0.152299,7.984862,-15.624318,25.483402,8.457193,5.816564,42.253109,1.707671,25.573841,1.060638,22.903273,-43.868225,0.490026,23.670805,-41.182529,-5.619894,-5.111662,-9.013943,-4.133605,-5.329670,-7.317776,2.904845,15.900231,-38.325527,-6.708622,-4.793615,-8.775599,-4.847636,-4.245512,-6.906162,-27.451241,17.272997,6.056277,-27.930830,11.825377,4.231411,-22.398359,18.862787,13.991193,-4.541960,-14.622985,-16.036819,-5.070537,-4.128015,-7.094883,-5.491860,-4.186566,-7.363653,-4.691144,-4.246060,-6.865007,-4.171280,-5.354430,-7.315002,-4.269600,-5.404266,-7.294744,-4.046887,-5.295224,-7.339241,-25.847174,17.840965,13.419930,-25.006020,20.417679,11.846777,-23.690441,22.516340,9.475795,-22.511400,24.850760,4.916246,-22.243774,24.457544,2.472887,-22.691233,23.841675,-1.635332,-23.657824,23.576298,-4.160699,-24.461899,22.518217,-5.889045,-24.585447,22.436907,-10.351265,-25.284006,20.862173,-10.795894,-26.418251,18.026873,-11.418107,-25.522717,15.216673,-8.195372,-26.203175,13.313072,-7.011081,-26.126892,12.591102,-6.642805,-25.796097,11.158686,-4.804070,-25.064892,11.030617,-3.233316,-24.937189,9.858505,-0.650030,-23.057838,18.491167,8.334630,-22.951794,17.613564,7.885191,-22.814919,16.799391,7.757699,-22.925905,16.284195,6.602098,-22.943966,15.220106,5.592690,-22.840225,17.165182,7.422295,-23.224529,15.327354,6.589879,-23.808851,13.441257,6.322971,-24.394316,11.004449,5.006157,-24.645851,9.487861,4.109513,-26.740879,18.168644,3.354209,-26.544134,18.783451,1.561090,-26.955519,18.683325,-1.192350,-27.060427,18.353958,-3.211288,-26.784191,21.308800,-1.412246,-26.703798,20.856386,-2.567500,-26.698469,19.788683,-3.063343,-27.156906,18.825146,-3.601153,-26.985945,18.094011,-3.019283,-24.577972,19.290100,5.107814,-23.599985,19.601173,5.556471,-24.002050,20.849825,5.784771,-25.884911,20.154305,4.622211,-26.343863,20.056898,3.974468,-25.970709,19.090824,4.443972,-25.775982,15.935442,3.134051,-24.523092,15.024990,3.280606,-24.682772,14.583359,4.160344,-25.663240,13.449120,3.396528,-26.299833,15.039768,2.740547,-26.526556,15.314068,2.454343,-26.129869,24.110092,-2.073750,-27.534306,22.821266,-4.004077,-27.639580,21.133799,-4.048423,-27.918364,20.550943,-3.973906,-28.188871,19.357538,-4.360225,-27.512209,19.172836,-4.896322,-27.162756,18.564232,-5.569049,-28.384531,20.049986,-6.542869,-28.567486,20.108561,-5.401094,-29.628237,20.415396,-6.124743,-29.087950,21.547489,-5.632044,-27.618570,22.632147,-3.923788,-27.077360,23.290810,-2.523068,-27.797220,21.832777,-4.958362,-27.909336,20.710768,-5.250542,-28.028002,19.262856,-4.860028,-27.455420,19.211506,-5.871630,-27.881378,19.560865,-3.534328,-28.472330,20.848181,-3.970525,-27.836945,22.216610,-4.211851,-24.716642,20.353392,5.016320,-25.141369,14.885304,3.004998,40.998547,1.400249,24.616854,36.699093,5.838330,21.646450,32.386967,12.131243,15.969157,32.569340,14.669955,14.317679,32.969707,15.867028,14.488268,33.094910,7.871858,15.454580,34.124161,8.458050,16.030563,35.336887,7.369559,15.852211,35.870922,6.363548,15.576326,37.133659,5.016263,17.929415,38.695988,7.191301,17.873058,39.147350,10.278432,17.173489,38.599136,13.358627,16.203400,40.190502,4.803507,20.096188,41.585728,7.774583,18.721016,41.567497,11.379021,18.000340,40.830059,14.357949,17.652454,42.403507,6.870596,21.615530,42.895035,10.222341,20.715275,42.513538,13.301642,19.455009,41.946163,15.582745,19.108328,-22.753525,-30.813450,29.888657,-25.042662,-34.267838,33.473614,-25.206938,-40.142483,34.774349,-24.603989,-43.414223,33.861927,-31.416655,-42.359890,41.393822,-9.411608,-47.265995,22.351845,5.963768,-44.951206,12.871909,3.498340,-40.511005,17.360352,0.287128,-36.544617,20.177866,-5.241200,-44.579567,19.273991,7.177055,-41.324112,13.719632,2.559308,-39.146267,20.457932,-1.142645,-38.370094,25.464218,-3.425930,-40.848942,17.208639,9.856112,-36.810501,12.247947,2.719577,-34.435719,22.752142,-4.374279,-32.580601,32.515839,-2.249790,-36.946510,14.774065,8.738734,-33.831841,10.900497,7.246303,-31.374058,15.267179,5.218653,-30.647030,19.093187
-30.129122,17.387524,2.694612,-4.778995,29.062819,-13.975953,-7.560710,32.481766,-10.559748,-40.409904,2.112016,-34.226055,-19.975708,-34.097931,23.554243,0.057880,8.916999,-15.788380,24.036947,7.873633,4.736731,41.857430,2.010865,25.294245,0.581674,23.851030,-44.693924,0.075083,24.501266,-41.895332,-5.001571,-5.592854,-10.034019,-3.457584,-5.782331,-8.320873,2.635920,16.607380,-38.739330,-6.025136,-4.951360,-9.720601,-4.138377,-4.298097,-7.836009,-27.303936,18.362871,6.817040,-27.936964,12.884067,4.878970,-22.117273,19.818544,14.722554,-4.545156,-15.086758,-16.201151,-4.363776,-4.171950,-8.013570,-4.792207,-4.232153,-8.272674,-3.976655,-4.306876,-7.795344,-3.505844,-5.830497,-8.316527,-3.616877,-5.901969,-8.300288,-3.359565,-5.725973,-8.337467,-25.673014,18.686230,14.254973,-24.785124,21.284698,12.666795,-23.444466,23.401558,10.254324,-22.258364,25.742647,5.620951,-22.073698,25.256086,3.027186,-22.641945,24.602425,-1.177823,-23.719648,24.383429,-3.786660,-24.680702,23.403746,-5.618339,-24.855099,23.472082,-10.037706,-25.578846,21.942047,-10.607103,-26.682865,19.255257,-11.110848,-25.665026,16.486330,-7.627337,-26.282001,14.571953,-6.375702,-26.131008,13.783435,-6.003532,-25.793787,12.269376,-4.113270,-25.073231,12.112217,-2.494667,-24.954735,10.920362,0.043543,-22.744192,19.367546,9.317980,-22.612694,18.531687,8.898722,-22.489548,17.770647,8.801188,-22.616823,17.314362,7.642838,-22.680496,16.319483,6.617476,-22.531786,18.393379,8.506835,-22.978666,16.551922,7.618786,-23.621769,14.677303,7.276684,-24.291800,12.243637,5.860946,-24.585806,10.674870,4.886390,-26.516607,19.342035,4.221322,-26.329020,19.948099,2.416986,-26.800018,19.839598,-0.422492,-26.957949,19.521620,-2.450481,-26.671972,22.480413,-0.667986,-26.594162,22.036570,-1.833712,-26.624105,20.950272,-2.328907,-27.110378,20.056076,-2.886317,-26.933054,19.268122,-2.278534,-24.289482,20.248018,6.047784,-23.273596,20.604382,6.550849,-23.661119,21.936947,6.797072,-25.625956,21.264088,5.569160,-26.092146,21.143064,4.889051,-25.721685,20.107479,5.344457,-25.624186,17.160656,3.986900,-24.350731,16.247271,4.148622,-24.538446,15.814232,5.043983,-25.569483,14.666268,4.218269,-26.203796,16.285545,3.571869,-26.423349,16.544355,3.269688,-26.063799,25.218309,-1.347362,-27.545435,23.994892,-3.348317,-27.672789,22.319262,-3.396255,-27.966980,21.719704,-3.364801,-28.248362,20.562168,-3.728775,-27.556673,20.334814,-4.208897,-27.204208,19.724617,-4.841635,-28.472065,21.205870,-5.906001,-28.665100,21.235022,-4.785233,-29.740112,21.540308,-5.600005,-29.157995,22.704954,-5.062757,-27.611320,23.771652,-3.276103,-27.025932,24.449629,-1.782727,-27.902153,23.013208,-4.369638,-28.056473,21.874149,-4.698864,-28.174381,20.419144,-4.289559,-27.511406,20.350368,-5.192624,-27.864630,20.721985,-2.859410,-28.389959,22.003935,-3.284603,-27.737400,23.384077,-3.503114,-24.415155,21.406998,6.009099,-24.992798,16.114223,3.869568,40.754196,1.715410,24.230772,36.501915,6.127034,21.276222,32.247890,12.345599,15.703158,32.480320,14.822865,14.212194,32.906590,15.948081,14.492120,33.036861,8.039618,15.273041,34.150555,8.530707,16.019514,35.394569,7.323297,15.957987,35.942471,6.211290,15.746857,37.061722,5.248158,17.756491,38.684093,7.361665,17.893795,39.166367,10.366231,17.334749,38.629040,13.374328,16.391888,40.079178,5.104453,19.917072,41.533749,8.025700,18.721279,41.550549,11.511474,18.133173,40.854084,14.365918,17.871643,42.235600,7.229888,21.416605,42.735600,10.618330,20.654131,42.363853,13.656520,19.499779,41.817932,15.871710,19.269793,-20.801535,-32.466667,28.797575,-22.840561,-36.024235,32.099461,-22.490673,-41.912380,32.884647,-21.677464,-45.172779,31.838066,-29.249765,-44.261292,40.147358,-4.598665,-48.376202,18.544687,10.936107,-45.406612,9.107045,8.067477,-41.232513,13.897006,4.474517,-37.453663,16.959805,-0.494408,-45.553509,15.808607,11.782973,-41.943329,10.698115,6.643403,-40.366848,17.942139,2.478729,-40.010345,23.356125,0.896768,-41.805172,14.331779,13.968286,-37.314098,9.584901,6.467772,-35.631836,20.101917,-1.014280,-34.384014,29.951420,1.528175,-37.851334,12.490985,12.509621,-34.316788,8.537085,10.839458,-31.949581,12.849463,8.721708,-31.295500,16.570124
-30.070013,18.430489,3.241641,-4.799609,29.843777,-13.854581,-7.733944,32.890541,-10.391586,-40.607639,0.913551,-35.285049,-17.972843,-35.904213,22.222649,0.055786,9.654645,-15.851261,22.890181,7.665832,3.879055,41.556671,2.516721,25.021217,0.258912,24.754240,-45.247288,-0.243584,25.361496,-42.433083,-4.561385,-6.041696,-10.927163,-2.964008,-6.209706,-9.193624,2.538042,17.257090,-38.907227,-5.519077,-5.147968,-10.569149,-3.600203,-4.410108,-8.665465,-27.157393,19.370148,7.511532,-27.913246,13.807044,5.456363,-21.903519,20.730146,15.452682,-4.617915,-15.456148,-16.395399,-3.827377,-4.277046,-8.834689,-4.261174,-4.338173,-9.086702,-3.434737,-4.425235,-8.624371,-3.021969,-6.276370,-9.186797,-3.144229,-6.365125,-9.172896,-2.855891,-6.135909,-9.207191,-25.548182,19.507578,15.043056,-24.605238,22.135338,13.468908,-23.230064,24.271872,11.040524,-22.020296,26.621635,6.343888,-21.895153,26.052877,3.613785,-22.554457,25.366816,-0.673037,-23.707251,25.184944,-3.364406,-24.796968,24.269915,-5.282083,-25.007473,24.456211,-9.649162,-25.750053,22.939085,-10.336182,-26.824224,20.349335,-10.730040,-25.703150,17.594505,-7.023364,-26.269611,15.648302,-5.737244,-26.062246,14.785562,-5.377649,-25.731524,13.190618,-3.469812,-25.034578,12.998565,-1.830567,-24.939119,11.788537,0.652102,-22.466591,20.208260,10.213264,-22.317293,19.399542,9.821029,-22.202162,18.676319,9.740406,-22.339449,18.260384,8.572427,-22.435141,17.317024,7.527697,-22.242216,19.455118,9.455215,-22.746019,17.605242,8.508823,-23.443613,15.727715,8.098128,-24.185894,13.285088,6.590300,-24.517162,11.666443,5.549671,-26.290041,20.396280,5.015576,-26.103312,20.998135,3.215185,-26.611822,20.890696,0.308198,-26.803097,20.583942,-1.730781,-26.508963,23.572714,0.061063,-26.426155,23.126060,-1.105916,-26.480988,22.015739,-1.598967,-26.995092,21.162575,-2.185339,-26.818729,20.314903,-1.563360,-24.015751,21.158020,6.913159,-22.969666,21.544003,7.456681,-23.339535,22.936264,7.711722,-25.370085,22.280869,6.431067,-25.837591,22.151134,5.723938,-25.474520,21.064888,6.170440,-25.460493,18.231140,4.754753,-24.175385,17.305895,4.919491,-24.387449,16.868525,5.815592,-25.455729,15.701651,4.935371,-26.081587,17.352245,4.306358,-26.297470,17.611650,3.995050,-25.937145,26.271868,-0.617981,-27.479195,25.089739,-2.687386,-27.621311,23.415249,-2.738576,-27.925045,22.793913,-2.747416,-28.222963,21.658554,-3.099695,-27.518332,21.383415,-3.522301,-27.164795,20.756954,-4.114661,-28.474682,22.252611,-5.267492,-28.676462,22.273401,-4.164091,-29.768427,22.587702,-5.063997,-29.147163,23.785151,-4.489137,-27.530643,24.843699,-2.617351,-26.910072,25.537123,-1.043504,-27.914902,24.104528,-3.774773,-28.104946,22.946999,-4.138161,-28.223272,21.478167,-3.710529,-27.485018,21.375017,-4.516355,-27.776716,21.785311,-2.188362,-28.240707,23.069939,-2.598633,-27.572950,24.463936,-2.792561,-24.127199,22.384111,6.913448,-24.833017,17.174553,4.633349,40.582092,2.217395,23.879627,36.396809,6.515305,20.965298,32.218075,12.581161,15.530088,32.503807,14.968208,14.205881,32.967892,16.010227,14.590964,33.033833,8.328604,15.110951,34.199806,8.745446,15.989144,35.471321,7.449156,16.008793,36.036591,6.255497,15.841560,37.013973,5.653934,17.571428,38.661583,7.713264,17.895432,39.163036,10.638546,17.447416,38.633366,13.581056,16.516600,39.971149,5.611779,19.717894,41.453228,8.478727,18.707573,41.499073,11.848389,18.223969,40.840481,14.587220,18.024887,42.051975,7.821558,21.195784,42.547165,11.208675,20.581465,42.174866,14.191208,19.508821,41.643734,16.336233,19.363813,-19.032242,-34.339520,27.768782,-20.880560,-37.961765,30.821432,-20.101295,-43.804291,31.137621,-19.096453,-47.003044,29.930193,-27.451069,-46.167736,38.988976,-0.202301,-49.586048,14.989017,15.493977,-45.983192,5.597856,12.249747,-42.016510,10.659754,8.294023,-38.372520,13.966229,3.830932,-46.649261,12.558229,15.987574,-42.689430,7.838271,10.346148,-41.637131,15.556458,5.715364,-41.639915,21.393787,4.826165,-42.913570,11.606431,17.727728,-37.999203,7.041008,9.890634,-36.928669,17.550016,2.026019,-36.217278,27.493279,4.956658,-38.947456,10.299738,15.928103,-35.012543,6.262635,14.090326,-32.724079,10.516087,11.884315,-32.133659,14.133023
-30.023497,19.347231,3.694994,-4.848559,30.468685,-13.632077,-7.967934,33.292419,-10.113750,-40.579086,-0.251531,-36.249592,-16.150234,-37.812645,21.003433,0.086931,10.174669,-15.817662,22.030840,7.756944,3.256446,41.401176,3.181844,24.815634,0.071030,25.595034,-45.564762,-0.486969,26.228310,-42.829403,-4.282125,-6.450561,-11.668453,-2.637596,-6.604147,-9.913085,2.586504,17.832237,-38.864948,-5.178804,-5.368723,-11.287474,-3.224332,-4.567017,-9.362210,-27.080334,20.276018,8.089406,-27.921671,14.574336,5.918733,-21.825895,21.579340,16.129044,-4.732075,-15.744414,-16.613483,-3.452823,-4.428777,-9.525534,-3.890553,-4.490215,-9.772544,-3.056470,-4.586947,-9.320264,-2.704311,-6.684932,-9.903412,-2.836021,-6.786949,-9.890687,-2.520930,-6.517075,-9.924930,-25.533051,20.282307,15.710197,-24.531582,22.945110,14.172500,-23.115910,25.101526,11.751239,-21.869757,27.460091,7.005926,-21.778250,26.821831,4.162989,-22.493494,26.108856,-0.187500,-23.681984,25.952814,-2.956417,-24.863409,25.085501,-4.946909,-25.094229,25.352341,-9.267063,-25.846481,23.817171,-10.060924,-26.893114,21.268085,-10.359968,-25.693050,18.497885,-6.482982,-26.224962,16.498852,-5.193682,-25.982817,15.556341,-4.861571,-25.669989,13.883460,-2.961375,-25.006754,13.653328,-1.327248,-24.945446,12.427711,1.094383,-22.292850,21.001968,10.941936,-22.133160,20.204782,10.569967,-22.021559,19.500572,10.492620,-22.163433,19.101446,9.304279,-22.277269,18.187634,8.236764,-22.044529,20.326790,10.169013,-22.595564,18.458841,9.163424,-23.339413,16.561260,8.690564,-24.137627,14.092741,7.102711,-24.496967,12.426171,6.012475,-26.130960,21.304510,5.644488,-25.934921,21.907181,3.857764,-26.457655,21.806784,0.902120,-26.660887,21.509478,-1.146079,-26.362385,24.553667,0.680115,-26.266973,24.092714,-0.482476,-26.334827,22.952375,-0.974916,-26.875692,22.110144,-1.598569,-26.706690,21.202370,-0.972722,-23.825680,22.003792,7.620754,-22.757116,22.402693,8.188130,-23.108587,23.828896,8.439857,-25.187328,23.181376,7.119685,-25.650778,23.058689,6.393085,-25.298227,21.942917,6.839025,-25.351345,19.116035,5.343485,-24.061697,18.169029,5.497041,-24.293242,17.713335,6.380737,-25.383545,16.521324,5.455218,-25.997822,18.206240,4.849775,-26.213963,18.482689,4.539207,-25.815428,27.239035,0.020868,-27.397575,26.074162,-2.113809,-27.545191,24.387302,-2.169681,-27.853252,23.739891,-2.214818,-28.170294,22.609785,-2.565352,-27.457277,22.283941,-2.934525,-27.105259,21.628462,-3.490914,-28.449062,23.155739,-4.719434,-28.655416,23.189800,-3.626542,-29.766914,23.522964,-4.597945,-29.112976,24.754549,-3.993664,-27.439617,25.815626,-2.039964,-26.794025,26.521961,-0.399320,-27.892015,25.072866,-3.260229,-28.108772,23.894087,-3.654012,-28.229498,22.404295,-3.214273,-27.436064,22.250889,-3.939354,-27.677382,22.716368,-1.614688,-28.087616,24.013269,-2.006529,-27.409159,25.424711,-2.176517,-23.922642,23.265602,7.641768,-24.726522,18.033333,5.201923,40.534996,2.860708,23.630663,36.426922,6.998174,20.769594,32.328369,12.874631,15.484503,32.664623,15.161620,14.318836,33.170822,16.122511,14.796969,33.123207,8.747865,15.011982,34.312153,9.114494,15.986007,35.604885,7.761419,16.054901,36.186714,6.514277,15.910784,37.040680,6.214812,17.432125,38.683315,8.233887,17.929195,39.189095,11.094025,17.565790,38.657307,13.986540,16.634155,39.926365,6.287844,19.564259,41.409252,9.104690,18.735138,41.472412,12.374241,18.330397,40.840069,15.018168,18.171951,41.922379,8.591391,21.026337,42.402130,11.953979,20.561403,42.018101,14.879363,19.549797,41.491589,16.960854,19.462086,-17.475618,-36.324276,26.846272,-19.193716,-39.985859,29.691027,-18.077721,-45.755409,29.600346,-16.902636,-48.868587,28.210739,-26.051655,-48.055748,37.982044,3.697494,-50.880535,11.793782,19.569904,-46.695068,2.429056,15.964869,-42.884518,7.747939,11.656138,-39.330383,11.303707,7.665167,-47.849689,9.621126,19.738922,-43.565353,5.212873,13.607634,-42.954655,13.377993,8.504047,-43.251125,19.647829,8.307484,-44.144993,9.117501,21.096855,-38.850849,4.681404,12.940242,-38.303883,15.185633,4.692458,-38.050896,25.246201,7.994833,-40.191334,8.269242,18.971716,-35.893997,4.138803,16.979023,-33.670471,8.338223,14.686360,-33.133072,11.863993
-29.934742,20.116297,4.044516,-4.867672,30.949797,-13.343489,-8.188336,33.671295,-9.764454,-40.400589,-1.353137,-37.176777,-14.536361,-39.759247,19.933044,0.179601,10.519818,-15.723857,21.388813,7.998977,2.748456,41.356018,3.921538,24.675056,0.023957,26.364607,-45.706093,-0.639276,27.079145,-43.126431,-4.112604,-6.828891,-12.290372,-2.427345,-6.973022,-10.513741,2.774352,18.335279,-38.677467,-4.954871,-5.601846,-11.890669,-2.964070,-4.751621,-9.941834,-27.011797,21.051203,8.536289,-27.903431,15.177884,6.253765,-21.811380,22.337315,16.726053,-4.863208,-15.950593,-16.811129,-3.193747,-4.609373,-10.100433,-3.634749,-4.670836,-10.343415,-2.794588,-4.775393,-9.899270,-2.502101,-7.064950,-10.501696,-2.641985,-7.177398,-10.489909,-2.303293,-6.875571,-10.524180,-25.556864,20.971434,16.230635,-24.495533,23.669678,14.750208,-23.035131,25.843155,12.359737,-21.743027,28.207619,7.587731,-21.663139,27.511805,4.660577,-22.403124,26.779175,0.267325,-23.593647,26.640013,-2.568669,-24.834066,25.811766,-4.623864,-25.070635,26.134359,-8.910066,-25.823277,24.560341,-9.801063,-26.845457,22.018091,-10.025964,-25.587624,19.213726,-6.034660,-26.098394,17.150236,-4.768702,-25.840359,16.121830,-4.474118,-25.554733,14.372282,-2.598438,-24.933353,14.101017,-0.990723,-24.915001,12.860364,1.363882,-22.163424,21.703598,11.486689,-21.999352,20.905046,11.125875,-21.888048,20.204788,11.040081,-22.029285,19.804035,9.821299,-22.148590,18.904173,8.729666,-21.879663,20.998623,10.639197,-22.468102,19.106144,9.573920,-23.248493,17.179012,9.043207,-24.086184,14.676411,7.387394,-24.462889,12.968035,6.263940,-25.979782,22.040003,6.093719,-25.764158,22.647718,4.329002,-26.280891,22.558933,1.341221,-26.477549,22.272018,-0.712492,-26.177238,25.386715,1.174169,-26.062689,24.903824,0.016879,-26.134249,23.731041,-0.479022,-26.699688,22.882359,-1.146896,-26.542059,21.915520,-0.524393,-23.661070,22.740576,8.155861,-22.576786,23.138916,8.732376,-22.909363,24.578484,8.972071,-25.019220,23.930477,7.624523,-25.475647,23.827173,6.886263,-25.136042,22.699478,7.337758,-25.237783,19.805130,5.741359,-23.949001,18.831095,5.870004,-24.194357,18.348658,6.732858,-25.293108,17.129299,5.770883,-25.894735,18.847843,5.194338,-26.114737,19.151752,4.893950,-25.641872,28.072788,0.556280,-27.247072,26.910202,-1.643493,-27.392530,25.203564,-1.708956,-27.700821,24.530693,-1.785866,-28.036423,23.397209,-2.143069,-27.319460,23.022324,-2.465601,-26.971128,22.333012,-2.991505,-28.340715,23.902718,-4.275766,-28.548908,23.961826,-3.187837,-29.681688,24.318787,-4.212978,-29.001245,25.582281,-3.585817,-27.284447,26.648323,-1.558981,-26.620901,27.362770,0.136766,-27.779758,25.886351,-2.838456,-28.015127,24.687494,-3.260344,-28.140305,23.177298,-2.819155,-27.311033,22.967394,-3.479809,-27.513872,23.494061,-1.157188,-27.878431,24.806253,-1.525428,-27.192579,26.233698,-1.670468,-23.743155,24.013018,8.183539,-24.613951,18.686695,5.566992,40.584393,3.565810,23.480391,36.552235,7.547227,20.673105,32.523758,13.245045,15.528550,32.900593,15.440998,14.506255,33.444298,16.332430,15.065366,33.264507,9.274789,14.971955,34.454594,9.618174,16.019514,35.763474,8.236537,16.121887,36.359474,6.959379,15.990091,37.118763,6.875084,17.354660,38.736679,8.872515,18.010937,39.233540,11.688046,17.715525,38.686649,14.549025,16.775211,39.935070,7.053064,19.479561,41.402046,9.831812,18.819708,41.469284,13.025185,18.475639,40.847649,15.598864,18.342979,41.850163,9.438321,20.934837,42.308056,12.772238,20.610832,41.903294,15.650941,19.646980,41.371117,17.682671,19.599352,-16.150753,-38.355740,26.078798,-17.793602,-42.039001,28.770065,-16.429163,-47.729221,28.352827,-15.108010,-50.755928,26.781645,-25.065477,-49.929138,37.247055,7.105412,-52.262627,9.026740,23.180458,-47.564625,-0.343247,19.211035,-43.875687,5.237971,14.541950,-40.380955,9.058826,11.022625,-49.157158,7.059762,23.053341,-44.590626,2.891201,16.427200,-44.350422,11.489683,10.833589,-44.882946,18.199165,11.358385,-45.494106,6.927866,24.097073,-39.871582,2.570766,15.623676,-39.766743,13.095622,6.981020,-39.899925,23.310965,10.659760,-41.567379,6.461625,21.675026,-36.954082,2.225881,19.541605,-34.780121,6.384202,17.164719,-34.283413,9.841413
-29.762180,20.745050,4.307172,-4.809002,31.313337,-13.004728,-8.338095,34.022881,-9.359786,-40.122890,-2.383906,-38.121887,-13.109198,-41.723896,19.004843,0.358305,10.740425,-15.594206,20.910381,8.321605,2.271148,41.382324,4.687378,24.582363,0.111685,27.071907,-45.724899,-0.696343,27.910025,-43.359802,-4.013178,-7.186893,-12.825683,-2.292674,-7.324780,-11.028842,3.087746,18.780548,-38.399521,-4.807358,-5.841144,-12.402618,-2.780720,-4.952785,-10.428084,-26.902084,21.695091,8.868765,-27.814474,15.633724,6.478663,-21.797516,23.001175,17.249857,-4.995420,-16.083395,-16.961203,-3.011635,-4.807195,-10.582511,-3.455723,-4.868556,-10.821810,-2.609997,-4.979823,-10.385456,-2.374973,-7.425920,-11.015247,-2.522206,-7.547019,-11.004730,-2.161999,-7.218779,-11.037681,-25.562004,21.566256,16.617117,-24.440060,24.297245,15.213096,-22.931562,26.483963,12.875387,-21.586384,28.850636,8.099988,-21.500973,28.108849,5.114978,-22.240595,27.365387,0.699654,-23.407051,27.236425,-2.190257,-24.680357,26.444599,-4.304473,-24.909939,26.807783,-8.570198,-25.654730,25.181721,-9.551330,-26.655401,22.628933,-9.724150,-25.356836,19.779108,-5.670857,-25.856888,17.645761,-4.450016,-25.598101,16.525284,-4.198851,-25.347132,14.699147,-2.358476,-24.773628,14.383484,-0.792243,-24.805166,13.126599,1.489786,-22.025410,22.299284,11.869214,-21.861853,21.488878,11.510392,-21.748690,20.781080,11.407194,-21.884352,20.365173,10.150135,-21.998547,19.469156,9.035645,-21.695370,21.488270,10.903850,-22.312735,19.567745,9.778254,-23.120544,17.607145,9.192075,-23.983318,15.068653,7.478469,-24.367138,13.326753,6.335948,-25.786982,22.608839,6.389183,-25.542562,23.224911,4.654663,-26.036692,23.151627,1.649053,-26.211966,22.877842,-0.405945,-25.910975,26.071587,1.566058,-25.771963,25.561819,0.412585,-25.840347,24.356293,-0.091574,-26.428286,23.492540,-0.809949,-26.284420,22.468016,-0.196034,-23.471926,23.356968,8.542707,-22.377199,23.744249,9.116778,-22.690374,25.181608,9.339518,-24.816486,24.526663,7.974737,-25.264875,24.452173,7.231347,-24.940201,23.326309,7.691957,-25.072237,20.316729,5.978673,-23.788298,19.313299,6.070610,-24.041906,18.800037,6.907779,-25.138443,17.553802,5.917116,-25.727253,19.303310,5.373501,-25.954048,19.640635,5.090858,-25.375492,28.766991,1.008725,-26.989946,27.597528,-1.257513,-27.127075,25.867729,-1.338228,-27.432417,25.172735,-1.442479,-27.784895,24.033234,-1.813403,-27.068138,23.613146,-2.097984,-26.725664,22.888948,-2.599032,-28.114540,24.508835,-3.917429,-28.323910,24.598202,-2.830114,-29.479372,24.980812,-3.891985,-28.777079,26.271997,-3.247187,-27.028135,27.340290,-1.157231,-26.350203,28.057735,0.585965,-27.542488,26.548895,-2.490039,-27.789696,25.333303,-2.938402,-27.921862,23.807663,-2.507603,-27.073988,23.539909,-3.119622,-27.250721,24.128309,-0.798893,-27.576643,25.454508,-1.137981,-26.885426,26.893690,-1.255999,-23.538437,24.621191,8.568146,-24.447912,19.157467,5.762301,40.693928,4.288579,23.405287,36.731995,8.140818,20.645405,32.758633,13.690460,15.621572,33.164921,15.810661,14.727232,33.738968,16.645853,15.358995,33.422215,9.884766,14.971674,34.597267,10.230173,16.080006,35.918308,8.841908,16.212584,36.525536,7.551809,16.091156,37.220608,7.595652,17.330711,38.800991,9.589385,18.132675,39.277256,12.380907,17.895834,38.701580,15.227062,16.943096,39.975262,7.858118,19.458649,41.415920,10.612169,18.952267,41.473301,13.753823,18.655748,40.845520,16.280182,18.539289,41.818596,10.303813,20.916590,42.250690,13.613589,20.719687,41.817173,16.460215,19.794155,41.269180,18.457148,19.776287,-15.034056,-40.413074,25.472166,-16.651976,-44.103577,28.069199,-15.119041,-49.716354,27.410749,-13.677614,-52.666012,25.676069,-24.471174,-51.797741,36.844082,10.115338,-53.739246,6.648115,26.422876,-48.597759,-2.756839,22.068388,-45.012329,3.110088,17.016935,-41.560600,7.221294,14.003382,-50.575844,4.836049,26.020958,-45.771618,0.855079,18.879671,-45.848312,9.886180,12.768983,-46.570972,17.044460,14.072598,-46.960220,5.011699,26.811199,-41.055485,0.695707,18.010788,-41.328777,11.277569,8.950314,-41.791149,21.692263,13.033649,-43.068417,4.864106,24.123064,-38.180477,0.513371,21.859707,-36.042526,4.646742,19.400782,-35.575935,8.059735
-29.497431,21.257393,4.504698,-4.656263,31.590170,-12.624092,-8.397751,34.355015,-8.908492,-39.783958,-3.340509,-39.114864,-11.823253,-43.700562,18.197475,0.628595,10.875188,-15.441253,20.568977,8.714098,1.791250,41.454197,5.458061,24.521437,0.315921,27.734304,-45.661381,-0.668300,28.728725,-43.555313,-3.963453,-7.531137,-13.296114,-2.211773,-7.665031,-11.479643,3.506866,19.184917,-38.067944,-4.714692,-6.084849,-12.844066,-2.652675,-5.165652,-10.841609,-26.734215,22.226917,9.111835,-27.644363,15.969891,6.618301,-21.756582,23.586164,17.717783,-5.122881,-16.157749,-17.059767,-2.884943,-5.017129,-10.992126,-3.332144,-5.078282,-11.227925,-2.480893,-5.195575,-10.799430,-2.301278,-7.774022,-11.465240,-2.455317,-7.902542,-11.456366,-2.075001,-7.551745,-11.486554,-25.525255,22.080765,16.897503,-24.341957,24.840641,15.586097,-22.782438,27.037073,13.319145,-21.379145,29.402557,8.560410,-21.275244,28.625450,5.538021,-21.995348,27.880566,1.118977,-23.118526,27.756979,-1.811347,-24.404509,27.001188,-3.979752,-24.616159,27.394188,-8.235433,-25.346664,25.706753,-9.301640,-26.328686,23.134605,-9.443790,-25.003086,20.232086,-5.373867,-25.500666,18.026712,-4.215638,-25.253021,16.809021,-4.010834,-25.042645,14.906368,-2.212571,-24.521238,14.543279,-0.696849,-24.607924,13.268031,1.509307,-21.855434,22.800852,12.123623,-21.696327,21.969923,11.758772,-21.579865,21.245441,11.631780,-21.705729,20.804262,10.330792,-21.806786,19.905045,9.196553,-21.470133,21.829311,11.012463,-22.109743,19.878731,9.825995,-22.937527,17.883282,9.185436,-23.813993,15.309794,7.422297,-24.196203,13.542363,6.271913,-25.535400,23.038120,6.566090,-25.254694,23.664915,4.869573,-25.713266,23.610397,1.858356,-25.855837,23.352741,-0.193776,-25.554508,26.631281,1.885188,-25.387028,26.090975,0.733221,-25.446968,24.852957,0.216591,-26.056059,23.969780,-0.557964,-25.927422,22.888786,0.042846,-23.238724,23.867832,8.815735,-22.137430,24.235788,9.378665,-22.430975,25.659124,9.582202,-24.561373,24.992342,8.207851,-25.001917,24.953999,7.464345,-24.693604,23.840611,7.936110,-24.839996,20.684338,6.095262,-23.563936,19.650255,6.141404,-23.821001,19.104357,6.950016,-24.907726,17.832705,5.937422,-25.483768,19.610268,5.428877,-25.719398,19.984484,5.169343,-25.010317,29.342922,1.403474,-26.623001,28.160046,-0.930829,-26.746733,26.405266,-1.031762,-27.046682,25.691748,-1.159742,-27.414452,24.546108,-1.550404,-26.701630,24.084623,-1.806552,-26.367273,23.324825,-2.287488,-27.770454,25.001720,-3.620398,-27.981792,25.123758,-2.529629,-29.161020,25.533064,-3.614743,-28.440195,26.847794,-2.956755,-26.667772,27.914227,-0.812359,-25.976931,28.630718,0.974669,-27.180178,27.086323,-2.191693,-27.433773,25.857206,-2.665094,-27.575745,24.321590,-2.255274,-26.723656,23.995392,-2.833338,-26.885838,24.645138,-0.514773,-27.178528,25.982904,-0.819848,-26.483295,27.429726,-0.908853,-23.289089,25.109756,8.833687,-24.214310,19.481249,5.830462,40.836681,5.010602,23.380600,36.938835,8.762451,20.659529,33.006557,14.195701,15.734049,33.432556,16.254292,14.953804,34.030827,17.043808,15.653849,33.576416,10.553575,14.991680,34.723133,10.922411,16.152098,36.052212,9.543912,16.317993,36.666988,8.252970,16.210138,37.327721,8.350917,17.343813,38.860497,10.356355,18.277100,39.305195,13.141347,18.093067,38.688076,15.985847,17.127047,40.029053,8.677048,19.485165,41.435101,11.418335,19.114376,41.468185,14.529573,18.854748,40.817871,17.027504,18.748167,41.809978,11.161898,20.954140,42.212616,14.453870,20.867847,41.742149,17.282244,19.972324,41.168282,19.257412,19.977268,-14.082903,-42.488754,25.014677,-15.723182,-46.172913,27.574938,-14.092208,-51.710892,26.755032,-12.554665,-54.594284,24.883429,-24.225271,-53.660461,36.785069,12.852384,-55.302826,4.568598,29.412315,-49.775505,-4.888183,24.640175,-46.288448,1.299518,19.175150,-42.874561,5.732280,16.734425,-52.094036,2.867505,28.749479,-47.090523,-0.954593,21.066378,-47.447422,8.512781,14.407877,-48.326092,16.128830,16.566542,-48.528984,3.303646,29.334044,-42.377838,-0.991767,20.190861,-42.984657,9.681666,10.684273,-43.736427,20.338232,15.217744,-44.677017,3.430455,26.407427,-39.545288,-1.039115,24.020504,-37.433365,3.084102,21.482023,-36.989185,6.472353
-29.168985,21.678009,4.645645,-4.423735,31.807972,-12.215141,-8.378928,34.685242,-8.427552,-39.431255,-4.190352,-40.139778,-10.642283,-45.653755,17.522642,0.975543,10.942399,-15.274760,20.365669,9.178738,1.313771,41.562572,6.213632,24.481583,0.609719,28.365725,-45.544460,-0.575343,29.542326,-43.729095,-3.957055,-7.863008,-13.717059,-2.176525,-7.994784,-11.880899,4.006669,19.559410,-37.706173,-4.668844,-6.332014,-13.234219,-2.571357,-5.388002,-11.202551,-26.526974,22.670700,9.281042,-27.417933,16.213793,6.687788,-21.695717,24.110300,18.137690,-5.244805,-16.189137,-17.119177,-2.805074,-5.236853,-11.349638,-3.255408,-5.297683,-11.582285,-2.398657,-5.420409,-11.161085,-2.272872,-8.110398,-11.866112,-2.433309,-8.245288,-11.859011,-2.034048,-7.875298,-11.885798,-25.457817,22.536114,17.097763,-24.212955,25.320768,15.889091,-22.600445,27.524185,13.703940,-21.136326,29.885334,8.975907,-21.004753,29.081240,5.930448,-21.691101,28.343065,1.522157,-22.757938,28.221724,-1.436024,-24.040329,27.500507,-3.654855,-24.225103,27.912838,-7.907162,-24.937431,26.156378,-9.052831,-25.904541,23.560184,-9.184965,-24.563492,20.600252,-5.133820,-25.065559,18.323071,-4.049477,-24.838364,17.006104,-3.891744,-24.673056,15.028552,-2.139353,-24.206659,14.616313,-0.677956,-24.351439,13.320572,1.453217,-21.664307,23.230265,12.279295,-21.512590,22.372019,11.901616,-21.392151,21.623255,11.746099,-21.504925,21.149317,10.397514,-21.587538,20.240976,9.246709,-21.218330,22.060699,11.005231,-21.875456,20.078321,9.758609,-22.717672,18.047153,9.065027,-23.599222,15.439676,7.260190,-23.972851,13.652603,6.110452,-25.244659,23.361477,6.650042,-24.922564,24.000326,4.996686,-25.337168,23.966738,1.989295,-25.439444,23.727089,-0.056303,-25.137621,27.094160,2.144708,-24.939789,26.520658,0.991687,-24.987101,25.250301,0.459612,-25.616287,24.345570,-0.374311,-25.503571,23.209501,0.209289,-22.977074,24.298042,9.000597,-21.872034,24.640577,9.546089,-22.146481,26.041140,9.729347,-24.272320,25.358818,8.350350,-24.705893,25.361668,7.610700,-24.414478,24.268724,8.095163,-24.562984,20.944790,6.121112,-23.297167,19.879225,6.115867,-23.554018,19.299866,6.894445,-24.626165,18.004416,5.865970,-25.189718,19.807739,5.392209,-25.434946,20.220551,5.158976,-24.578737,29.828674,1.750979,-26.181780,28.627203,-0.652508,-26.288570,26.846146,-0.778193,-26.581278,26.116478,-0.927560,-26.962959,24.964947,-1.342485,-26.256617,24.464643,-1.579049,-25.931990,23.667875,-2.042953,-27.344687,25.406910,-3.374289,-27.559114,25.563015,-2.275777,-28.762373,26.000721,-3.374600,-28.025732,27.336494,-2.706861,-26.236736,28.398008,-0.514708,-25.534700,29.111395,1.314761,-26.732365,27.529030,-1.935572,-26.988098,26.288021,-2.432663,-27.142027,24.745522,-2.051392,-26.295811,24.359634,-2.607640,-26.452534,25.071062,-0.290756,-26.716061,26.419298,-0.558524,-26.018040,27.871790,-0.617859,-23.011400,25.507616,9.007457,-23.935902,19.696136,5.804643,40.999947,5.715140,23.386572,37.156891,9.393074,20.695387,33.249710,14.740511,15.844124,33.685478,16.751003,15.162439,34.302494,17.503189,15.927656,33.719086,11.249578,15.017958,34.823624,11.660221,16.220434,36.154701,10.304848,16.423395,36.772053,9.022769,16.333628,37.433369,9.110773,17.378681,38.907066,11.143512,18.424957,39.310196,13.936093,18.289764,38.641979,16.787682,17.312752,40.090595,9.482490,19.542004,41.451683,12.224243,19.285486,41.446911,15.322569,19.054579,40.760628,17.806040,18.954918,41.819008,11.989307,21.028538,42.185875,15.271786,21.033146,41.670479,18.093607,20.160704,41.061985,20.057053,20.184568,-13.258624,-44.544022,24.719713,-14.966045,-48.209713,27.296009,-13.296848,-53.675098,26.381313,-11.678587,-56.501118,24.394945,-24.259449,-55.480949,37.060669,15.409639,-56.907803,2.732033,32.222469,-51.043377,-6.783100,27.002392,-47.658058,-0.243343,21.094307,-44.285072,4.538785,19.307520,-53.661911,1.105053,31.312738,-48.491497,-2.576187,23.074738,-49.104050,7.317533,15.848492,-50.116253,15.389297,18.924242,-50.148560,1.768169,31.727177,-43.779480,-2.516321,22.235682,-44.688747,8.266344,12.263593,-45.703133,19.192411,17.286152,-46.340069,2.141177,28.588093,-40.987366,-2.447376,26.083548,-38.893906,1.674544,23.470451,-38.465649,5.049023
-28.856176,22.024515,4.716543,-4.163798,31.986670,-11.807728,-8.326118,35.038792,-7.955044,-39.132580,-4.842809,-41.106068,-9.557007,-47.476074,17.053526,1.354638,10.933545,-15.107582,20.328859,9.702765,0.882919,41.717018,6.920183,24.458313,0.953465,28.965452,-45.394962,-0.449473,30.343809,-43.887074,-3.995208,-8.175676,-14.100671,-2.186222,-8.307283,-12.244283,4.550168,19.901512,-37.330147,-4.669492,-6.577847,-13.593194,-2.536239,-5.615242,-11.533761,-26.346476,23.047497,9.374724,-27.206343,16.386539,6.685815,-21.665083,24.584480,18.494589,-5.357242,-16.192562,-17.163015,-2.771391,-5.461811,-11.678294,-3.224781,-5.522186,-11.908559,-2.362829,-5.649546,-11.492845,-2.289001,-8.428132,-12.229001,-2.455235,-8.568213,-12.223287,-2.038555,-8.182782,-12.247610,-25.413807,22.951580,17.233696,-24.109463,25.757420,16.125967,-22.444565,27.966454,14.021845,-20.920738,30.320427,9.329735,-20.755816,29.493784,6.270920,-21.398367,28.766401,1.881770,-22.401510,28.645515,-1.093789,-23.665754,27.952206,-3.361353,-23.817303,28.369413,-7.614208,-24.511028,26.537285,-8.829141,-25.469299,23.912605,-8.971560,-24.123524,20.892136,-4.959729,-24.636284,18.545938,-3.949565,-24.436520,17.134253,-3.837289,-24.318567,15.087229,-2.130954,-23.908854,14.627360,-0.723032,-24.110777,13.310225,1.340989,-21.509148,23.612574,12.353346,-21.366270,22.722837,11.957397,-21.241941,21.943264,11.769341,-21.340000,21.431305,10.371451,-21.401840,20.507174,9.205288,-21.003029,22.223576,10.905635,-21.674681,20.206398,9.603047,-22.527384,18.137232,8.860630,-23.407368,15.494365,7.024265,-23.767105,13.689486,5.881369,-24.984360,23.613565,6.648781,-24.619448,24.264690,5.036582,-24.988176,24.252064,2.038122,-25.047501,24.029583,0.002109,-24.744610,27.485970,2.327302,-24.517962,26.878288,1.170625,-24.549318,25.575333,0.621943,-25.196487,24.647755,-0.267983,-25.099211,23.459190,0.295358,-22.750296,24.675167,9.104889,-21.643625,24.988894,9.628447,-21.901192,26.361143,9.790321,-24.016853,25.660231,8.408377,-24.444958,25.706186,7.676077,-24.169157,24.638788,8.175704,-24.312038,21.133638,6.068380,-23.058018,20.035917,6.010940,-23.312384,19.422218,6.759677,-24.367846,18.104153,5.721196,-24.920004,19.932198,5.278489,-25.174067,20.383623,5.072375,-24.166025,30.249502,2.032935,-25.755810,29.025278,-0.438950,-25.844389,27.216766,-0.593964,-26.128582,26.471132,-0.763612,-26.522579,25.312286,-1.204495,-25.822794,24.773840,-1.427844,-25.507566,23.938332,-1.875816,-26.923258,25.740227,-3.194136,-27.140934,25.931942,-2.083436,-28.366501,26.401161,-3.189495,-27.617552,27.758371,-2.513810,-25.818619,28.815475,-0.279558,-25.110422,29.525827,1.589846,-26.293325,27.903761,-1.741428,-26.548101,26.649763,-2.260897,-26.713816,25.098558,-1.910928,-25.877398,24.650909,-2.452887,-26.033247,25.425343,-0.135075,-26.271540,26.786676,-0.365410,-25.572351,28.246683,-0.397237,-22.770344,25.846506,9.096280,-23.684437,19.838623,5.701484,41.187305,6.373840,23.409182,37.379337,10.005915,20.738781,33.471718,15.302663,15.932750,33.903435,17.282310,15.326048,34.532566,18.006191,16.150034,33.852314,11.925507,15.042223,34.896797,12.395517,16.268919,36.220161,11.076187,16.507254,36.832977,9.812789,16.437071,37.544350,9.827879,17.422388,38.942150,11.908996,18.554810,39.295868,14.720116,18.465246,38.573200,17.582035,17.483898,40.170685,10.230100,19.612717,41.470406,12.992998,19.442495,41.418041,16.092014,19.236778,40.689064,18.569075,19.146227,41.860260,12.748248,21.120783,42.179024,16.035501,21.191223,41.613060,18.859964,20.339025,40.965328,20.817766,20.382833,-12.531468,-46.465832,24.644026,-14.344940,-50.105438,27.279596,-12.683187,-55.503098,26.313591,-10.980236,-58.277992,24.211569,-24.449333,-57.158485,37.621826,17.792568,-58.444031,1.176725,34.837074,-52.292290,-8.411214,29.168842,-49.013134,-1.521003,22.811815,-45.688702,3.614984,21.724009,-55.165562,-0.409066,33.709942,-49.858028,-3.988795,24.953054,-50.704449,6.277319,17.178892,-51.838604,14.769109,21.148829,-51.701588,0.449793,33.981686,-45.142189,-3.843148,24.172171,-46.323780,7.029562,13.750156,-47.578274,18.217934,19.246428,-47.938118,1.045015,30.660044,-42.385799,-3.668095,28.051439,-40.302467,0.449753,25.373667,-39.881367,3.811370
-28.661133,22.300039,4.697980,-3.950746,32.130749,-11.442438,-8.300073,35.428707,-7.540199,-38.954414,-5.188562,-41.868790,-8.584700,-48.999985,16.877026,1.700848,10.825370,-14.954890,20.481373,10.243689,0.557768,41.921158,7.533010,24.441826,1.300969,29.511295,-45.222782,-0.326171,31.102127,-44.019905,-4.076741,-8.454658,-14.451200,-2.238571,-8.588062,-12.574094,5.089950,20.193556,-36.950436,-4.715396,-6.810761,-13.934359,-2.546925,-5.836345,-11.851823,-26.279799,23.364752,9.384222,-27.100180,16.496965,6.607195,-21.734327,25.003464,18.758421,-5.448157,-16.179447,-17.211494,-2.783417,-5.681085,-11.995152,-3.239591,-5.740933,-12.224277,-2.373087,-5.871794,-11.810802,-2.347054,-8.712535,-12.557727,-2.518217,-8.856444,-12.552427,-2.086482,-8.459974,-12.576870,-25.466343,23.331305,17.312191,-24.108854,26.155554,16.289091,-22.396305,28.370193,14.251865,-20.818817,30.714798,9.591643,-20.618170,29.865976,6.527473,-21.210539,29.147825,2.159499,-22.148159,29.026123,-0.825002,-23.380527,28.347139,-3.140804,-23.496202,28.750031,-7.396942,-24.174143,26.837961,-8.664555,-25.132048,24.178967,-8.835849,-23.791660,21.096846,-4.867274,-24.320227,18.687574,-3.918677,-24.152094,17.194363,-3.847673,-24.080433,15.088436,-2.183337,-23.727118,14.586989,-0.824225,-23.980188,13.249806,1.187726,-21.468554,23.961498,12.355124,-21.334108,23.039379,11.937387,-21.206524,22.223972,11.713876,-21.290239,21.670988,10.267798,-21.331831,20.723347,9.084979,-20.909353,22.349234,10.729813,-21.593544,20.292879,9.380306,-22.453573,18.181683,8.597803,-23.326366,15.498878,6.743854,-23.668438,13.673628,5.612208,-24.847496,23.817745,6.563892,-24.442753,24.480330,4.981982,-24.770847,24.485941,1.992814,-24.789713,24.276495,-0.031160,-24.485605,27.818583,2.403098,-24.235474,27.178164,1.240651,-24.248211,25.842318,0.676727,-24.909325,24.890724,-0.257187,-24.825346,23.654337,0.284817,-22.644421,25.014980,9.126589,-21.537586,25.299755,9.625537,-21.782530,26.641634,9.764361,-23.885698,25.919399,8.378607,-24.310297,26.006660,7.656750,-24.046680,24.966770,8.175015,-24.180069,21.274609,5.942295,-22.938046,20.144659,5.837289,-23.188858,19.495573,6.558613,-24.227825,18.155573,5.515925,-24.771200,20.008350,5.097170,-25.031929,20.496450,4.916326,-23.882811,30.614916,2.217683,-25.460102,29.365305,-0.318186,-25.531681,27.528549,-0.506244,-25.806555,26.765322,-0.695751,-26.210440,25.595369,-1.160785,-25.514463,25.018322,-1.373731,-25.205738,24.143169,-1.805341,-26.615873,26.002062,-3.104602,-26.835222,26.230934,-1.977736,-28.078836,26.735117,-3.086051,-27.322615,28.116781,-2.402790,-25.521235,29.174393,-0.132529,-24.816372,29.883869,1.770086,-25.982605,28.221731,-1.639407,-26.234297,26.951351,-2.179687,-26.408358,25.384733,-1.858173,-25.579208,24.873880,-2.388208,-25.733833,25.712400,-0.064706,-25.951845,27.093090,-0.261634,-25.253656,28.566082,-0.271414,-22.653902,26.146597,9.096713,-23.553177,19.933825,5.531413,41.397934,6.948765,23.428335,37.593441,10.565962,20.769112,33.648876,15.853400,15.973852,34.058666,17.825039,15.408786,34.691631,18.532516,16.278498,33.973145,12.525418,15.048875,34.936619,13.071880,16.273094,36.239758,11.801085,16.537226,36.839729,10.566198,16.483288,37.662952,10.446564,17.453054,38.963360,12.604393,18.636431,39.263760,15.442022,18.589155,38.491207,18.312050,17.613750,40.276245,10.867539,19.671114,41.492764,13.681943,19.553308,41.389717,16.791058,19.375038,40.620461,19.263548,19.301178,41.945538,13.393540,21.201937,42.198452,16.707245,21.309046,41.580788,19.540226,20.480112,40.895760,21.493708,20.550596,-11.877225,-48.080437,24.835424,-13.816218,-51.692570,27.548777,-12.184774,-57.031425,26.538769,-10.373187,-59.757790,24.289282,-24.606146,-58.540142,38.326294,19.904669,-59.749825,0.012561,37.137897,-53.370255,-9.680737,31.076054,-50.193336,-2.499161,24.309643,-46.923447,2.952335,23.876143,-56.442650,-1.558004,35.846397,-51.027122,-5.117811,26.683027,-52.075321,5.402183,18.448824,-53.325085,14.223469,23.142363,-53.021202,-0.541736,35.999016,-46.302418,-4.886479,25.954493,-47.712875,6.012415,15.157026,-49.178337,17.405590,21.017893,-49.300175,0.243567,32.531689,-43.574146,-4.609272,29.845823,-41.489235,-0.511436,27.118832,-41.062771,2.830389
-28.627439,22.490341,4.598642,-3.828874,32.224705,-11.144421,-8.334356,35.828506,-7.207590,-38.912079,-5.215341,-42.333382,-7.747461,-50.106106,16.978199,1.968928,10.612062,-14.826118,20.783136,10.739478,0.354826,42.140621,8.024150,24.407509,1.624665,29.969019,-45.022903,-0.220907,31.772070,-44.104839,-4.186538,-8.687400,-14.760348,-2.319226,-8.824114,-12.862844,5.590196,20.414106,-36.570686,-4.794113,-7.015996,-14.251613,-2.592950,-6.035666,-12.151215,-26.361553,23.607983,9.316955,-27.135721,16.537827,6.466680,-21.930828,25.345636,18.915535,-5.499825,-16.152962,-17.259619,-2.830713,-5.879079,-12.294749,-3.289486,-5.938474,-12.524072,-2.418928,-6.071632,-12.109406,-2.432474,-8.950799,-12.844673,-2.607404,-9.097285,-12.838796,-2.163719,-8.693703,-12.866093,-25.644226,23.653879,17.338663,-24.243879,26.493929,16.377438,-22.491997,28.713915,14.387920,-20.870167,31.047859,9.752095,-20.633253,30.175407,6.691817,-21.172222,29.461712,2.345629,-22.046427,29.337250,-0.639625,-23.236296,28.657438,-3.000679,-23.316906,29.028488,-7.262561,-23.982874,27.036720,-8.564206,-24.948181,24.339516,-8.777838,-23.621384,21.198772,-4.848307,-24.168236,18.735298,-3.943360,-24.032858,17.178476,-3.907798,-24.002750,15.026883,-2.278676,-23.702805,14.493038,-0.962139,-23.998047,13.139398,1.014157,-21.573400,24.262131,12.296661,-21.445686,23.309349,11.856412,-21.315254,22.455717,11.597414,-21.386093,21.861238,10.107837,-21.409475,20.883844,8.907269,-20.970417,22.439383,10.501987,-21.664543,20.340719,9.117692,-22.528519,18.184380,8.306640,-23.389160,15.457236,6.449793,-23.711441,13.607786,5.332723,-24.873495,23.969208,6.413707,-24.435110,24.641808,4.848570,-24.730814,24.661139,1.867428,-24.714170,24.459146,-0.142498,-24.410881,28.079248,2.375594,-24.143513,27.409447,1.206782,-24.135893,26.041365,0.631213,-24.805733,25.065630,-0.331428,-24.731655,23.787590,0.190577,-22.696304,25.304007,9.075046,-21.590155,25.562183,9.548461,-21.827597,26.874594,9.663048,-23.917934,26.128698,8.272661,-24.341131,26.252989,7.563148,-24.085335,25.240067,8.103007,-24.206110,21.365644,5.762113,-22.974636,20.204967,5.617211,-23.221069,19.520603,6.315552,-24.244976,18.159502,5.273879,-24.783239,20.036518,4.870806,-25.048351,20.557432,4.711354,-23.781748,30.907074,2.302521,-25.349049,29.631983,-0.289166,-25.405367,27.767637,-0.511112,-25.670425,26.985613,-0.719231,-26.080795,25.800774,-1.204966,-25.385082,25.186220,-1.407919,-25.078846,24.273172,-1.822383,-26.476044,26.178297,-3.100811,-26.695040,26.444132,-1.955588,-27.950878,26.983990,-3.060921,-27.192966,28.392685,-2.370960,-25.397017,29.457100,-0.072234,-24.705767,30.168024,1.853331,-25.856556,28.468016,-1.627761,-26.103504,27.178431,-2.186631,-26.280720,25.589783,-1.887473,-25.453749,25.017920,-2.405693,-25.604980,25.918545,-0.072121,-25.808836,27.324060,-0.242203,-25.113945,28.815351,-0.236724,-22.699671,26.397869,9.019023,-23.580389,19.981823,5.316329,41.601753,7.414594,23.411390,37.770409,11.042640,20.753675,33.755825,16.357534,15.936602,34.128792,18.342888,15.379959,34.758720,19.046263,16.278679,34.060402,13.016505,15.007093,34.927475,13.652482,16.203884,36.200729,12.437964,16.482519,36.781792,11.237589,16.440052,37.766266,10.939688,17.436134,38.952400,13.201363,18.637550,39.199745,16.070391,18.628374,38.386269,18.944117,17.667925,40.383377,11.371607,19.680555,41.498718,14.267736,19.584705,41.347733,17.391947,19.438509,40.546181,19.858263,19.389441,42.049961,13.905927,21.233513,42.221947,17.267731,21.352236,41.555992,20.111076,20.552422,40.840305,22.058090,20.658144,-11.279991,-49.265411,25.237677,-13.328563,-52.851410,28.006220,-11.722171,-58.139366,26.922434,-9.781459,-60.815121,24.487720,-24.570307,-59.514732,38.954556,21.626822,-60.704922,-0.713089,38.985340,-54.163891,-10.538648,32.624344,-51.073265,-3.163706,25.527203,-47.855972,2.529936,25.625273,-57.377468,-2.275571,37.587879,-51.882122,-5.907399,28.176903,-53.083534,4.715598,19.623917,-54.436119,13.735642,24.770786,-53.990288,-1.142075,37.643211,-47.145252,-5.586819,27.474417,-48.725235,5.260016,16.420464,-50.360786,16.767714,22.478182,-50.305069,-0.206414,34.068760,-44.437199,-5.210189,31.338959,-42.337776,-1.151533,28.579590,-41.893833,2.163330
-28.728132,22.584770,4.451792,-3.798260,32.252701,-10.915123,-8.427793,36.193401,-6.950966,-38.965862,-5.025616,-42.517761,-7.045906,-50.804245,17.237026,2.149777,10.314722,-14.721622,21.144402,11.144338,0.241719,42.334198,8.403208,24.337584,1.921726,30.317955,-44.789211,-0.128043,32.324566,-44.127392,-4.299594,-8.872868,-15.019593,-2.405042,-9.013457,-13.102942,6.039351,20.554197,-36.192535,-4.883991,-7.184334,-14.530484,-2.654561,-6.201475,-12.415492,-26.564493,23.762222,9.196702,-27.286400,16.501932,6.294900,-22.231651,25.596104,18.981197,-5.498187,-16.113867,-17.286154,-2.893669,-6.043939,-12.560172,-3.355073,-6.103148,-12.790548,-2.480394,-6.237661,-12.372481,-2.522103,-9.141643,-13.082748,-2.699668,-9.289934,-13.075755,-2.247172,-8.881513,-13.107226,-25.924509,23.895538,17.321365,-24.492899,26.748703,16.403030,-22.711136,28.972418,14.446002,-21.054615,31.295101,9.828947,-20.781517,30.397945,6.782939,-21.266573,29.684231,2.461589,-22.081177,29.554516,-0.515942,-23.223284,28.863764,-2.915293,-23.271549,29.193493,-7.185247,-23.927565,27.126354,-8.505634,-24.904280,24.391251,-8.767447,-23.595604,21.198807,-4.873489,-24.160044,18.690790,-3.998007,-24.055887,17.086544,-3.991773,-24.060396,14.901071,-2.390578,-23.808558,14.344112,-1.111168,-24.137295,12.978445,0.841247,-21.797436,24.491810,12.194513,-21.674362,23.511135,11.733725,-21.540762,22.619757,11.442518,-21.600084,21.985258,9.916429,-21.607176,20.975348,8.699708,-21.157236,22.480843,10.250525,-21.857515,20.339533,8.842971,-22.721575,18.137804,8.014214,-23.565964,15.364674,6.166012,-23.867704,13.488973,5.066289,-25.035837,24.053312,6.229174,-24.570753,24.734413,4.671770,-24.840702,24.762806,1.698595,-24.792755,24.563555,-0.295972,-24.494812,28.252493,2.282134,-24.214348,27.557041,1.108141,-24.185486,26.158691,0.525635,-24.859388,25.160284,-0.454150,-24.791601,23.846649,0.050849,-22.881447,25.520748,8.972602,-21.776375,25.755625,9.420880,-22.010637,27.040945,9.511005,-24.088242,26.269609,8.117175,-24.511787,26.426336,7.420369,-24.260189,25.438721,7.983041,-24.363869,21.395548,5.557304,-23.140276,20.207109,5.379575,-23.381115,19.489149,6.060182,-24.391388,18.108322,5.023566,-24.928291,20.007748,4.629233,-25.196543,20.556860,4.486811,-23.841118,31.105791,2.316169,-25.399771,29.807243,-0.321438,-25.441185,27.917696,-0.574491,-25.696114,27.117552,-0.798303,-26.109133,25.916349,-1.301805,-25.411400,25.268238,-1.494599,-25.104645,24.321581,-1.892082,-26.485836,26.261827,-3.150448,-26.703581,26.562096,-1.986821,-27.966488,27.134037,-3.083708,-27.211411,28.569578,-2.389859,-25.427568,29.645136,-0.070766,-24.756414,30.358574,1.867567,-25.891859,28.624840,-1.674161,-26.132572,27.315998,-2.248610,-26.308157,25.702946,-1.965435,-25.479965,25.076517,-2.472836,-25.627487,26.033808,-0.127587,-25.823313,27.465271,-0.277434,-25.133661,28.976732,-0.262394,-22.882364,26.580376,8.888245,-23.738388,19.972961,5.084636,41.768856,7.777741,23.340109,37.894375,11.430590,20.675333,33.794041,16.794065,15.814350,34.124714,18.805016,15.244044,34.749111,19.511858,16.157480,34.102577,13.406944,14.900084,34.870346,14.137295,16.056293,36.110901,12.979081,16.342508,36.671387,11.813279,16.308712,37.834843,11.323566,17.354761,38.902435,13.703866,18.553490,39.100090,16.605858,18.577908,38.253899,19.480423,17.636606,40.466015,11.761850,19.624605,41.474525,14.757028,19.532007,41.280998,17.897436,19.420765,40.454960,20.355942,19.400881,42.140644,14.304729,21.198965,42.226665,17.727491,21.314802,41.518131,20.580112,20.548429,40.778950,22.518087,20.694967,-10.732423,-50.031189,25.715504,-12.846659,-53.590580,28.485876,-11.243487,-58.830235,27.282450,-9.178422,-61.450722,24.648256,-24.307705,-60.088654,39.343563,22.919556,-61.303604,-1.077518,40.333363,-54.663513,-11.035258,33.767551,-51.637939,-3.559856,26.426208,-48.464092,2.298292,26.918682,-57.969521,-2.620440,38.871895,-52.420799,-6.383137,29.354214,-53.720879,4.218227,20.623175,-55.153526,13.312419,25.976955,-54.610912,-1.402690,38.850967,-47.671768,-5.974531,28.650396,-49.360237,4.766999,17.456560,-51.120083,16.306177,23.566454,-50.954147,-0.354637,35.202774,-44.978363,-5.504885,32.455967,-42.855118,-1.496307,29.676559,-42.386692,1.790478
-28.919201,22.588743,4.289155,-3.840076,32.213310,-10.742154,-8.566782,36.498165,-6.752724,-39.069687,-4.726963,-42.489971,-6.457325,-51.174408,17.537210,2.255193,9.960301,-14.634602,21.497112,11.449116,0.181204,42.482445,8.699172,24.230276,2.197857,30.560904,-44.521603,-0.038844,32.759087,-44.087330,-4.397754,-9.018567,-15.230520,-2.478889,-9.162827,-13.296620,6.440563,20.620026,-35.816307,-4.967908,-7.315593,-14.766169,-2.715217,-6.331244,-12.637962,-26.847599,23.828611,9.048928,-27.511889,16.393639,6.118438,-22.601992,25.757460,18.982283,-5.440605,-16.064198,-17.277224,-2.955838,-6.173022,-12.784213,-3.420066,-6.232365,-13.016139,-2.540783,-6.367724,-12.593629,-2.598982,-9.292403,-13.274451,-2.778227,-9.442225,-13.266205,-2.319537,-9.029634,-13.302044,-26.272488,24.050854,17.272516,-24.820230,26.914719,16.384138,-23.017063,29.139877,14.450157,-21.334139,31.451199,9.848816,-21.025093,30.529259,6.826696,-21.457424,29.812572,2.534866,-22.216639,29.675213,-0.427337,-23.310051,28.968811,-2.856194,-23.329098,29.254673,-7.136066,-23.975283,27.118275,-8.464749,-24.963968,24.348244,-8.774804,-23.674799,21.112108,-4.915088,-24.254089,18.568024,-4.060356,-24.178308,16.928490,-4.078254,-24.210297,14.717971,-2.498592,-24.000546,14.145606,-1.252344,-24.355862,12.772035,0.682730,-22.101561,24.643736,12.066384,-21.981264,23.637947,11.588402,-21.843651,22.710917,11.269938,-21.892311,22.038733,9.714558,-21.884436,20.996296,8.485095,-21.427340,22.468277,9.997501,-22.129528,20.285917,8.575766,-22.989902,18.040569,7.737797,-23.814856,15.222162,5.905837,-24.096018,13.320113,4.825694,-25.291348,24.067188,6.036754,-24.805660,24.755556,4.482814,-25.054073,24.789204,1.518896,-24.977581,24.589443,-0.459559,-24.690414,28.338715,2.160386,-24.398735,27.620861,0.983294,-24.348412,26.194805,0.398521,-25.022818,25.176064,-0.591496,-24.958204,23.831810,-0.100099,-23.159178,25.659231,8.842723,-22.055346,25.873943,9.266957,-22.289442,27.134739,9.332952,-24.354208,26.336769,7.938333,-24.779379,26.522116,7.253605,-24.529560,25.558016,7.838961,-24.610857,21.362801,5.351802,-23.392183,20.150072,5.146593,-23.625998,19.400921,5.814162,-24.623562,18.001970,4.785479,-25.162197,19.921303,4.394930,-25.433353,20.494381,4.265839,-24.016390,31.209852,2.291481,-25.566477,29.890720,-0.382734,-25.592106,27.978971,-0.662137,-25.836649,27.162668,-0.897925,-26.248871,25.945517,-1.417202,-25.548111,25.269157,-1.599725,-25.239094,24.293964,-1.981252,-26.604630,26.260330,-3.221408,-26.821426,26.591503,-2.040673,-28.087744,27.189674,-3.124389,-27.338606,28.649883,-2.430426,-25.571756,29.738691,-0.098277,-24.923204,30.454664,1.844750,-26.042072,28.691738,-1.745478,-26.275194,27.365543,-2.332194,-26.445591,25.729107,-2.059785,-25.614796,25.056072,-2.558319,-25.760239,26.063400,-0.201998,-25.953241,27.518806,-0.336996,-25.270229,29.049580,-0.316594,-23.160101,26.688148,8.729939,-23.983835,19.905979,4.858059,41.888645,8.063279,23.216564,37.967037,11.745192,20.537825,33.779545,17.164337,15.621112,34.069637,19.203800,15.026218,34.689243,19.916830,15.944413,34.102421,13.723495,14.732071,34.776806,14.546317,15.844585,35.986698,13.439456,16.135628,36.527912,12.304535,16.109585,37.864372,11.630957,17.213720,38.818562,14.132842,18.400110,38.970699,17.067211,18.453651,38.097168,19.941725,17.531555,40.513744,12.073201,19.508886,41.419155,15.172104,19.411070,41.188416,18.327574,19.335129,40.343151,20.777634,19.345070,42.200771,14.623948,21.104176,42.203423,18.111784,21.211416,41.458023,20.971403,20.480263,40.700764,22.898581,20.669592,-10.224392,-50.460243,26.160067,-12.351749,-53.990639,28.870199,-10.725937,-59.180496,27.501896,-8.560910,-61.740662,24.676279,-23.855265,-60.336578,39.438633,23.831844,-61.607067,-1.203825,41.238811,-54.918522,-11.275131,34.543789,-51.938824,-3.769973,27.033068,-48.797623,2.187860,27.802828,-58.281296,-2.707177,39.736492,-52.701889,-6.625773,30.211325,-54.053246,3.872210,21.412735,-55.540619,12.945999,26.799055,-54.948631,-1.428270,39.657715,-47.942825,-6.134765,29.486261,-49.689423,4.476923,18.242775,-51.532753,15.988132,24.309452,-51.314388,-0.298097,35.960835,-45.261227,-5.580575,33.214478,-43.109364,-1.625177,30.422277,-42.614330,1.636940
-29.166372,22.514372,4.132239,-3.933604,32.113178,-10.608797,-8.736843,36.738293,-6.594995,-39.195427,-4.379678,-42.308533,-5.954003,-51.293972,17.813341,2.303022,9.567851,-14.555335,21.814352,11.667597,0.150481,42.579876,8.938440,24.089109,2.458921,30.712183,-44.220737,0.052144,33.090012,-43.988441,-4.474032,-9.133399,-15.400656,-2.533844,-9.280738,-13.451426,6.801602,20.623838,-35.439045,-5.037955,-7.414672,-14.962873,-2.766611,-6.428612,-12.822017,-27.179365,23.816530,8.893679,-27.781427,16.222410,5.954089,-23.014004,25.839594,18.942736,-5.332963,-16.005217,-17.229269,-3.008923,-6.269838,-12.970033,-3.476175,-6.329650,-13.203737,-2.591774,-6.465565,-12.776367,-2.656384,-9.411916,-13.427515,-2.836601,-9.563232,-13.418120,-2.373707,-9.146312,-13.457965,-26.660919,24.126049,17.205717,-25.196709,26.998613,16.338833,-23.379011,29.223080,14.422349,-21.676121,31.523350,9.835467,-21.331388,30.577370,6.845283,-21.712805,29.856070,2.587634,-22.420755,29.708988,-0.352985,-23.466696,28.985088,-2.802563,-23.459337,29.227671,-7.093389,-24.094950,27.028362,-8.423980,-25.094563,24.227097,-8.779910,-23.824589,20.954660,-4.954031,-24.415462,18.381466,-4.114915,-24.364952,16.715488,-4.153127,-24.418108,14.486525,-2.590181,-24.244926,13.904776,-1.374491,-24.621582,12.526744,0.546496,-22.455647,24.722145,11.927955,-22.336651,23.693680,11.436308,-22.194059,22.733593,11.095686,-22.232513,22.026197,9.517550,-22.210339,20.952538,8.279213,-21.748604,22.403605,9.757430,-22.448711,20.182678,8.328270,-23.302053,17.896332,7.487270,-24.105024,15.034587,5.676322,-24.365824,13.107222,4.617244,-25.605997,24.015955,5.854071,-25.104637,24.710697,4.302007,-25.334095,24.746798,1.349174,-25.230888,24.544449,-0.612585,-24.959463,28.346836,2.035981,-24.657265,27.609156,0.857940,-24.585545,26.157974,0.274901,-25.257889,25.121300,-0.721319,-25.193922,23.750368,-0.240530,-23.496859,25.724054,8.704071,-22.394270,25.921198,9.105486,-22.630171,27.159691,9.148109,-24.681793,26.334383,7.755641,-25.109497,26.545368,7.082133,-24.859966,25.603258,7.689311,-24.913567,21.272371,5.161049,-23.697214,20.038622,4.932045,-23.922588,19.260855,5.590532,-24.908054,17.845364,4.571548,-25.450796,19.782000,4.181658,-25.725044,20.375448,4.063001,-24.269768,31.228748,2.253666,-25.810955,29.891846,-0.449352,-25.819624,27.960737,-0.750358,-26.053583,27.130543,-0.994597,-26.462164,25.898615,-1.528230,-25.757954,25.199032,-1.700417,-25.445623,24.199997,-2.067362,-26.797195,26.185656,-3.291095,-27.013924,26.544310,-2.094862,-28.280991,27.162893,-3.161644,-27.539921,28.645016,-2.471119,-25.793562,29.747902,-0.131878,-25.168028,30.465988,1.809563,-26.268837,28.677902,-1.818142,-26.493362,27.336807,-2.414256,-26.655941,25.679209,-2.148707,-25.822008,24.966894,-2.640325,-25.967640,26.018196,-0.274214,-26.161833,27.494564,-0.398456,-25.486622,29.042847,-0.375818,-23.499296,26.725264,8.563834,-24.283184,19.785437,4.650144,41.959145,8.295480,23.047424,37.992020,12.005272,20.349325,33.721859,17.479727,15.370706,33.975491,19.546652,14.746519,34.591900,20.266638,15.662650,34.062283,13.989525,14.511558,34.651886,14.900135,15.581690,35.834679,13.838281,15.876884,36.358742,12.729522,15.858431,37.853588,11.888827,17.021515,38.702187,14.509839,18.191454,38.811993,17.475426,18.269678,37.913895,20.350138,17.364389,40.521854,12.334309,19.342171,41.330845,15.535524,19.235895,41.066624,18.704325,19.193779,40.204914,21.145987,19.231712,42.222027,14.892137,20.957876,42.146385,18.444780,21.055120,41.368469,21.308794,20.359293,40.596672,23.223877,20.591295,-9.743196,-50.632629,26.519312,-11.833638,-54.131054,29.110329,-10.159788,-59.267849,27.536625,-7.925615,-61.762554,24.537090,-23.253538,-60.332554,39.246960,24.443413,-61.679398,-1.192348,41.792370,-54.980446,-11.353627,35.026657,-52.031704,-3.872263,27.407793,-48.913895,2.133070,28.359083,-58.375500,-2.634155,40.260441,-52.783306,-6.717103,30.795893,-54.149357,3.624664,22.011909,-55.669449,12.609923,27.310341,-55.068085,-1.308812,40.137672,-48.016632,-6.149402,30.035122,-49.783516,4.322449,18.808609,-51.678268,15.764532,24.769123,-51.452023,-0.118313,36.409267,-45.345867,-5.517868,33.674995,-43.163467,-1.616064,30.874870,-42.642250,1.625353
-29.445625,22.372704,3.994805,-4.060662,31.959803,-10.499108,-8.924892,36.917835,-6.462119,-39.328892,-4.010594,-42.013500,-5.514419,-51.220200,18.037069,2.310536,9.148841,-14.474683,22.092104,11.819058,0.137481,42.625633,9.139527,23.916948,2.710196,30.786930,-43.885674,0.148571,33.333931,-43.833351,-4.528012,-9.224638,-15.537956,-2.569138,-9.374386,-13.575252,7.130798,20.577253,-35.055992,-5.092109,-7.487525,-15.127551,-2.805956,-6.498965,-12.974361,-27.537769,23.735483,8.745421,-28.073679,15.996916,5.811866,-23.447306,25.852064,18.880753,-5.183814,-15.936904,-17.143492,-3.050097,-6.339746,-13.124193,-3.520572,-6.400308,-13.359733,-2.630574,-6.536613,-12.927453,-2.693668,-9.507423,-13.549757,-2.874333,-9.660348,-13.539311,-2.408735,-9.238642,-13.582791,-27.070200,24.129648,17.133224,-25.600830,27.009207,16.282293,-23.773878,29.231283,14.380186,-22.055779,31.521097,9.807716,-21.675524,30.552423,6.856034,-22.007954,29.825710,2.636533,-22.668594,29.667118,-0.277282,-23.669010,28.924990,-2.739506,-23.637640,29.125818,-7.041427,-24.261835,26.869617,-8.370453,-25.270813,24.040823,-8.769468,-24.019201,20.738453,-4.977481,-24.618557,18.141935,-4.150915,-24.590397,16.456236,-4.207057,-24.659513,14.214032,-2.657509,-24.518229,13.627519,-1.470824,-24.912348,12.247829,0.437411,-22.838537,24.733580,11.791803,-22.719706,23.684452,11.289707,-22.571251,22.693865,10.931486,-22.599638,21.953632,9.336295,-22.563547,20.850559,8.092693,-22.098944,22.290337,9.539914,-22.793476,20.033655,8.108288,-23.636829,17.709240,7.268738,-24.415792,14.806740,5.481740,-24.656391,12.855681,4.444579,-25.955664,23.905727,5.692692,-25.442507,24.606152,4.142143,-25.654724,24.642790,1.202483,-25.526104,24.436548,-0.741888,-25.274399,28.285971,1.925548,-24.961926,27.530563,0.748523,-24.869135,26.056643,0.170363,-25.537392,25.004221,-0.829468,-25.472155,23.609785,-0.356960,-23.870998,25.721775,8.570519,-22.769657,25.903393,8.950275,-23.008659,27.121344,8.970564,-25.046556,26.268368,7.583029,-25.477560,26.502651,6.919938,-25.227436,25.581331,7.547689,-25.248396,21.129820,4.994932,-24.032206,19.877972,4.744707,-24.247906,19.074095,5.397236,-25.221642,17.643610,4.389133,-25.770264,19.595020,3.998055,-26.047928,20.205784,3.887513,-24.573151,31.172813,2.220958,-26.105160,29.820642,-0.504489,-26.095966,27.872608,-0.823193,-26.319124,27.030699,-1.072914,-26.721809,25.785353,-1.619930,-26.013987,25.066792,-1.781712,-25.697548,24.047894,-2.135581,-27.036976,26.047594,-3.344090,-27.254684,26.430719,-2.133788,-28.520414,27.064857,-3.180727,-27.788874,28.566257,-2.496515,-26.065592,29.683340,-0.154850,-25.462742,30.403027,1.779930,-26.544323,28.593163,-1.876090,-26.759567,27.239557,-2.479235,-26.912334,25.563124,-2.217686,-26.074900,24.817574,-2.704158,-26.222973,25.907763,-0.329419,-26.421377,27.402168,-0.445826,-25.754889,28.966028,-0.423359,-23.875875,26.697643,8.404119,-24.613033,19.616411,4.469601,41.980259,8.492167,22.837206,37.970646,12.225854,20.115396,33.623325,17.751991,15.071129,33.844475,19.844494,14.415742,34.459049,20.571949,15.324823,33.981567,14.220903,14.244351,34.494389,15.214206,15.274490,35.653530,14.191372,15.573920,36.162399,13.104256,15.563104,37.800339,12.115219,16.783607,38.550449,14.851619,17.934942,38.619392,17.847576,18.033310,37.697536,20.723127,17.141140,40.486668,12.564485,19.129892,41.205338,15.864812,19.013868,40.909504,19.045502,19.002863,40.032169,21.479069,19.065590,42.199059,15.128982,20.765314,42.049751,18.744635,20.852697,41.242100,21.610458,20.191372,40.457771,23.512205,20.465000,-9.279382,-50.607761,26.776945,-11.289336,-54.071083,29.197208,-9.544576,-59.150967,27.383165,-7.271521,-61.575005,24.229151,-22.536180,-60.131100,38.799488,24.827059,-61.570229,-1.110656,42.076027,-54.888901,-11.339682,35.285763,-51.959938,-3.924727,27.608784,-48.858490,2.085291,28.662838,-58.299652,-2.469700,40.519005,-52.708336,-6.719371,31.164434,-54.061817,3.429059,22.456997,-55.597359,12.275724,27.579832,-55.017731,-1.106575,40.361645,-47.935963,-6.078783,30.356400,-49.695179,4.248293,19.197342,-51.617287,15.591251,25.005697,-51.416752,0.129397,36.612976,-45.276184,-5.374701,33.899696,-43.062778,-1.527048,31.096012,-42.516777,1.696267
-29.738815,22.172064,3.886435,-4.205724,31.759249,-10.399370,-9.119088,37.042564,-6.340671,-39.462524,-3.631135,-41.632473,-5.123874,-50.994690,18.198017,2.292863,8.710455,-14.385235,22.334579,11.921170,0.135096,42.619808,9.314958,23.714949,2.956638,30.797859,-43.514313,0.253542,33.505348,-43.623165,-4.561863,-9.297759,-15.648911,-2.586525,-9.449281,-13.674369,7.435955,20.489655,-34.661980,-5.130988,-7.539515,-15.266552,-2.833149,-6.547564,-13.101375,-27.906181,23.592857,8.614824,-28.372637,15.723651,5.698284,-23.886135,25.802317,18.810202,-5.001624,-15.858421,-17.022179,-3.079199,-6.387933,-13.253016,-3.553050,-6.449517,-13.490396,-2.657102,-6.586079,-13.053257,-2.712713,-9.584446,-13.647448,-2.893450,-9.739086,-13.636025,-2.426211,-9.312083,-13.682835,-27.485184,24.069077,17.065329,-26.015827,26.954100,16.226954,-24.183495,29.172518,14.337743,-22.453585,31.452642,9.780516,-22.037924,30.463022,6.872638,-22.323128,29.730707,2.694558,-22.940168,29.559027,-0.187822,-23.897289,28.798353,-2.655428,-23.843899,28.959021,-6.967764,-24.456034,26.651516,-8.293890,-25.472776,23.798832,-8.733649,-24.238636,20.472044,-4.976064,-24.843748,17.857174,-4.160295,-24.835432,16.157070,-4.233123,-24.916277,13.905899,-2.695079,-24.803169,13.318253,-1.536608,-25.211807,11.939140,0.359086,-23.234261,24.683594,11.667902,-23.114824,23.615458,11.158093,-22.959723,22.596729,10.786177,-22.977995,21.825880,9.178901,-22.928114,20.695381,7.933232,-22.462004,22.131374,9.352012,-23.147963,19.841923,7.921584,-23.978823,17.482519,7.086582,-24.732048,14.542315,5.325297,-24.952549,12.569535,4.310256,-26.322161,23.741308,5.561004,-25.800293,24.446867,4.012244,-25.996393,24.482849,1.088018,-25.843390,24.271969,-0.838051,-25.614256,28.163187,1.841095,-25.291698,27.391775,0.666699,-25.178257,25.897278,0.095797,-25.840881,24.831112,-0.905906,-25.772892,23.415857,-0.439989,-24.263739,25.657848,8.452744,-23.163654,25.825520,8.811890,-23.406563,27.024265,8.811093,-25.429974,26.143602,7.431054,-25.864935,26.399307,6.777720,-25.613764,25.497873,7.424608,-25.597593,20.939478,4.860649,-24.379936,19.672150,4.590982,-24.584871,18.844597,5.240016,-25.547165,17.400644,4.243391,-26.102949,19.364370,3.850263,-26.384300,19.989817,3.746094,-24.904774,31.050268,2.207411,-26.427631,29.685020,-0.535447,-26.399960,27.722111,-0.868915,-26.612196,26.870531,-1.121705,-27.007210,25.613203,-1.681492,-26.295673,24.879068,-1.832889,-25.974508,23.843647,-2.175158,-27.303286,25.853266,-3.368910,-27.523119,26.258238,-2.145741,-28.785660,26.904083,-3.170439,-28.064692,28.422344,-2.494681,-26.366423,29.553331,-0.154234,-25.785572,30.274115,1.769686,-26.847263,28.445288,-1.907162,-27.052805,27.081360,-2.515605,-27.194286,25.388288,-2.256058,-26.352949,24.614342,-2.738963,-26.505508,25.739195,-0.356465,-26.710373,27.248968,-0.466951,-26.053333,28.826645,-0.446568,-24.271572,26.610226,8.261767,-24.955996,19.402876,4.322774,41.951710,8.665644,22.587858,37.902615,12.417663,19.838671,33.482952,17.990488,14.725930,33.674713,20.106802,14.038723,34.288254,20.842575,14.936852,33.858139,14.427975,13.933250,34.300644,15.499341,14.925562,35.438900,14.510324,15.229644,35.934071,13.440845,15.226568,37.701889,12.321856,16.502495,38.358742,15.170253,17.633436,38.386688,18.196375,17.747166,37.440350,21.073544,16.863699,40.404701,12.776441,18.874475,41.037502,16.172655,18.747801,40.710217,19.364244,18.764357,39.816631,21.790226,18.847782,42.127567,15.347750,20.528643,41.907936,19.024170,20.606621,41.071873,21.889315,19.978388,40.275917,23.776392,20.292200,-8.827744,-50.428749,26.932478,-10.721079,-53.853626,29.138483,-8.886456,-58.872440,27.055357,-6.602442,-61.220551,23.765892,-21.733273,-59.770767,38.134064,25.040653,-61.316811,-1.003644,42.154587,-54.673775,-11.281164,35.376293,-51.756344,-3.967420,27.682127,-48.666080,2.011827,28.774723,-58.089119,-2.260499,40.572987,-52.509106,-6.677047,31.365654,-53.829895,3.250093,22.782345,-55.367855,11.920463,27.663313,-54.833435,-0.863860,40.386868,-47.732189,-5.965118,30.500744,-49.463100,4.213714,19.448202,-51.394798,15.434772,25.068497,-51.245319,0.407988,36.625160,-45.084190,-5.191113,33.940365,-42.840057,-1.399001,31.137627,-42.270996,1.807152
-30.031157,21.918600,3.814376,-4.355335,31.516121,-10.297896,-9.308647,37.117809,-6.218915,-39.591560,-3.246350,-41.185757,-4.772260,-50.648800,18.293316,2.263005,8.257705,-14.281205,22.547842,11.988488,0.138376,42.562279,9.473318,23.482916,3.203011,30.755035,-43.103966,0.370070,33.616096,-43.357918,-4.578567,-9.356901,-15.738358,-2.588645,-9.509630,-13.753484,7.724143,20.368345,-34.252102,-5.156244,-7.575201,-15.384926,-2.849210,-6.578987,-13.208233,-28.271015,23.394167,8.510222,-28.665331,15.407435,5.618028,-24.317398,25.696011,18.742086,-4.793971,-15.768566,-16.867641,-3.097222,-6.418979,-13.361647,-3.574539,-6.481822,-13.600880,-2.672405,-6.618530,-13.158882,-2.716231,-9.647140,-13.725213,-2.896765,-9.803603,-13.712860,-2.428683,-9.370855,-13.762817,-27.893272,23.950241,17.010643,-26.427740,26.839289,16.183096,-24.592752,29.053127,14.306621,-22.853268,31.324411,9.766244,-22.402248,30.315887,6.906409,-22.641796,29.578232,2.772543,-23.218843,29.392002,-0.074237,-24.134945,28.612640,-2.540648,-24.061203,28.734627,-6.862007,-24.660940,26.381006,-8.185502,-25.684017,23.508102,-8.664416,-24.466543,20.161779,-4.942221,-25.075098,17.533033,-4.136553,-25.084538,15.822817,-4.225783,-25.173769,13.566345,-2.698533,-25.085854,12.980377,-1.568002,-25.506899,11.603622,0.314524,-23.629698,24.576374,11.564418,-23.509211,23.490604,11.049175,-23.346844,22.445879,10.666848,-23.354761,21.646498,9.051864,-23.291096,20.490652,7.806907,-22.824516,21.928858,9.199510,-23.499470,19.609758,7.772795,-24.315639,17.218565,6.944441,-25.041677,14.244037,5.209675,-25.242067,12.251805,4.216535,-26.690722,23.526196,5.465683,-26.162512,24.236425,3.919537,-26.343287,24.271112,1.013113,-26.166697,24.055281,-0.893557,-25.962048,27.983677,1.792238,-25.629562,27.197739,0.621808,-25.496037,25.684669,0.059800,-26.151817,24.606642,-0.942527,-26.079960,23.172865,-0.482162,-24.660416,25.536366,8.359466,-23.561670,25.691252,8.698906,-23.808939,26.871786,8.678519,-25.816927,25.963692,7.308237,-26.256401,26.239277,6.664200,-26.004061,25.357082,7.328542,-25.946775,20.704546,4.764022,-24.726526,19.424110,4.476013,-24.919737,18.575260,5.123452,-25.870811,17.119385,4.138585,-26.434608,19.093033,3.743302,-26.719830,19.730791,3.644065,-25.246738,30.867224,2.224440,-26.760710,29.490856,-0.531740,-26.714426,27.514862,-0.877964,-26.915606,26.655514,-1.132017,-27.301611,25.387732,-1.704261,-26.586262,24.640799,-1.845402,-26.259878,23.591642,-2.177589,-27.579142,25.607862,-3.356326,-27.802237,26.032290,-2.121128,-29.059940,26.686922,-3.121691,-28.350170,28.219826,-2.455846,-26.678366,29.364088,-0.119328,-26.118673,30.085403,1.790128,-27.160282,28.240110,-1.901545,-27.355988,26.867861,-2.514017,-27.485052,25.160194,-2.255201,-26.639387,24.361742,-2.736075,-26.798307,25.517704,-0.346259,-27.011246,27.040407,-0.451999,-26.364145,28.630255,-0.435137,-24.671495,26.466652,8.145589,-25.298067,19.147743,4.214824,41.872761,8.824461,22.299501,37.786713,12.588246,19.519733,33.298447,18.202030,14.336028,33.462997,20.340675,13.617034,34.075821,21.085903,14.501101,33.689251,14.617569,13.579035,34.066296,15.763007,14.535118,35.185738,14.803427,14.844328,35.668232,13.748027,14.849102,37.555260,12.516588,16.178684,38.122181,15.474361,17.287174,38.107536,18.531029,17.411148,37.134815,21.410679,16.531441,40.272598,12.978739,18.576281,40.822193,16.468098,18.437872,40.462120,19.670183,18.477697,39.550495,22.089102,18.577093,42.003796,15.557447,20.248039,41.715691,19.292406,20.316820,40.851311,22.154476,19.719814,40.043785,24.025379,20.072214,-8.385788,-50.128021,26.991079,-10.133607,-53.510757,28.947109,-8.194821,-58.464066,26.572472,-5.925293,-60.731026,23.165653,-20.872345,-59.279663,37.288193,25.128986,-60.947914,-0.902428,42.078018,-54.358471,-11.212023,35.340221,-51.446560,-4.027929,27.662100,-48.363819,1.891113,28.742271,-57.771080,-2.039810,40.469707,-52.210602,-6.622141,31.438286,-53.483925,3.061698,23.015606,-55.014599,11.527231,27.604607,-54.542694,-0.610685,40.257988,-47.429520,-5.838473,30.508303,-49.116859,4.189068,19.592663,-51.045174,15.270762,24.996490,-50.965862,0.691456,36.487637,-44.794430,-4.995481,33.837986,-42.520287,-1.261135,31.040970,-41.930016,1.927391
-30.309978,21.616976,3.784445,-4.497807,31.233925,-10.184841,-9.483686,37.147995,-6.086520,-39.712173,-2.858651,-40.688938,-4.452100,-50.206982,18.322828,2.232061,7.794456,-14.158104,22.737783,12.032624,0.143328,42.452305,9.620507,23.219612,3.453820,30.666353,-42.651756,0.501116,33.675709,-43.036907,-4.581232,-9.405213,-15.809742,-2.578291,-9.558665,-13.815866,8.001658,20.219000,-33.821930,-5.169921,-7.598371,-15.486359,-2.855616,-6.597132,-13.298722,-28.620535,23.143593,8.438458,-28.940628,15.051979,5.574832,-24.729744,25.537558,18.685564,-4.567398,-15.665994,-16.681711,-3.105595,-6.436754,-13.453927,-3.586455,-6.501053,-13.694956,-2.678005,-6.637813,-13.248166,-2.707078,-9.698693,-13.786336,-2.887244,-9.857033,-13.773033,-2.418863,-9.418234,-13.826108,-28.283506,23.777878,16.976547,-26.824474,26.669497,16.159548,-24.988556,28.878096,14.296669,-23.240824,31.141418,9.775379,-22.754402,30.116232,6.967018,-22.949783,29.373837,2.879714,-23.490227,29.171732,0.072541,-24.367659,28.373642,-2.386678,-24.274935,28.458275,-6.715095,-24.862305,26.063377,-8.037588,-25.890469,23.174042,-8.554871,-24.689039,19.812643,-4.869638,-25.299141,17.174116,-4.074218,-25.324566,15.457347,-4.180332,-25.419575,13.198782,-2.664182,-25.354557,12.616679,-1.561772,-25.786530,11.243672,0.306328,-24.013512,24.415092,11.488360,-23.891787,23.312805,10.969537,-23.721672,22.244049,10.579516,-23.718939,21.418139,8.960682,-23.641352,20.239082,7.718952,-23.175163,21.684317,9.087361,-23.837067,19.338812,7.666021,-24.636702,16.919151,6.845517,-25.334326,13.914065,5.137378,-25.514536,11.904893,4.165420,-27.048676,23.262955,5.412504,-26.515999,23.977448,3.870219,-26.681953,24.010681,0.984051,-26.482355,23.789911,-0.901892,-26.303253,27.751312,1.787171,-25.961067,26.952133,0.621741,-25.808125,25.422386,0.069731,-26.456125,24.334354,-0.932415,-26.379585,22.884068,-0.477135,-25.048441,25.360378,8.298135,-23.951166,25.503340,8.618652,-24.203001,26.666346,8.580374,-26.194475,25.731310,7.221920,-26.638994,26.025511,6.586863,-26.385559,25.162106,7.266881,-26.283712,20.427418,4.710051,-25.060120,19.136095,4.404271,-25.240805,18.268318,5.051555,-26.180809,16.802099,4.078401,-26.753159,18.783291,3.681518,-27.042345,19.431194,3.586105,-25.583769,30.628241,2.281888,-27.089369,29.242548,-0.484375,-27.024632,27.255106,-0.842144,-27.214682,26.389809,-1.096075,-27.590725,25.113214,-1.680815,-26.871494,24.355755,-1.812035,-26.539511,23.295235,-2.135686,-27.850065,25.315355,-3.298463,-28.077566,25.757002,-2.051812,-29.328840,26.418211,-3.026632,-28.630623,27.963684,-2.371555,-26.986256,29.120281,-0.040949,-26.446825,29.841583,1.850878,-27.468540,27.982033,-1.850699,-27.654478,26.603369,-2.466464,-27.770365,24.883095,-2.207670,-26.919956,24.063271,-2.688114,-27.086906,25.247223,-0.291117,-27.309050,26.780535,-0.392518,-26.672161,28.381010,-0.380220,-25.062866,26.269640,8.063155,-25.627331,18.853262,4.150236,41.742100,8.974610,21.971075,37.621124,12.742780,19.157927,33.067032,18.391283,13.900849,33.205757,20.550966,13.150501,33.817772,21.306885,14.017864,33.471947,14.794115,13.181161,33.786976,16.010220,14.101965,34.889034,15.076394,14.416751,35.359455,14.031920,14.429444,37.357304,12.704566,15.811417,37.835957,15.770009,16.894772,37.775875,18.858139,17.023439,36.773933,21.741173,16.142094,40.086998,13.177140,18.234421,40.554470,16.757530,18.082672,40.158997,19.970137,18.140760,39.226627,22.382603,18.250874,41.824051,15.764285,19.922308,41.468094,19.555632,19.981689,40.574482,22.412285,19.413630,39.754757,24.265326,19.802917,-7.952295,-49.730850,26.959150,-9.532244,-53.067333,28.636454,-7.479724,-57.950314,25.953800,-5.248227,-60.130997,22.447039,-19.977907,-58.679043,36.295635,25.126543,-60.486374,-0.829341,41.884800,-53.961815,-11.157063,35.209202,-51.051163,-4.125670,27.573696,-47.973396,1.708971,28.602514,-57.367130,-1.832104,40.245693,-51.832832,-6.578223,31.412220,-53.048035,2.844604,23.178072,-54.564293,11.083664,27.438047,-54.167271,-0.369207,40.009632,-47.047340,-5.720867,30.410233,-48.679882,4.152591,19.654943,-50.595444,15.081619,24.820332,-50.600697,0.960688,36.233158,-44.426437,-4.808684,33.624561,-42.123314,-1.134837,30.838236,-41.513702,2.034483
-30.563986,21.270809,3.801704,-4.622808,30.915384,-10.051709,-9.635046,37.136719,-5.934090,-39.820873,-2.469071,-40.154270,-4.157335,-49.688622,18.287012,2.209718,7.323895,-14.012419,22.909464,12.062766,0.146502,42.288334,9.760537,22.922964,3.713320,30.538021,-42.154652,0.649582,33.691879,-42.659035,-4.572842,-9.445170,-15.865496,-2.558222,-9.598969,-13.863820,8.274263,20.046072,-33.367298,-5.174077,-7.612171,-15.573502,-2.854030,-6.605299,-13.375590,-28.944242,22.844381,8.405321,-29.188601,14.660193,5.571785,-25.113092,25.330488,18.648439,-4.327505,-15.549323,-16.465824,-3.105939,-6.444560,-13.532562,-3.590364,-6.510488,-13.775403,-2.675557,-6.647190,-13.323826,-2.688036,-9.741599,-13.833016,-2.867722,-9.901903,-13.818730,-2.399400,-9.456815,-13.875018,-28.646086,23.555777,16.969492,-27.195223,26.448505,16.164032,-25.359261,28.651361,14.316544,-23.603834,30.907602,9.817169,-23.081966,29.868149,7.062980,-23.234493,29.121902,3.024327,-23.741589,28.902630,0.260716,-24.582727,28.085854,-2.185863,-24.472218,28.134350,-6.518979,-25.047565,25.702732,-7.843127,-26.079792,22.800955,-8.398787,-24.893982,19.428623,-4.752809,-25.504044,16.784222,-3.968486,-25.544079,15.063847,-4.092649,-25.642803,12.806063,-2.588764,-25.598969,12.229476,-1.514991,-26.040924,10.861317,0.336834,-24.375515,24.202139,11.445872,-24.252680,23.084267,10.924947,-24.074457,21.993277,10.529415,-24.060631,21.142756,8.910226,-23.968935,19.942698,7.673862,-23.503796,21.398848,9.020048,-24.151062,19.030352,7.604989,-24.932619,16.585686,6.792767,-25.600767,13.554152,5.110663,-25.760681,11.530755,4.158858,-27.384857,22.953516,5.406638,-26.849087,23.671883,3.869816,-27.000469,23.703869,1.006566,-26.778347,23.478468,-0.857213,-26.625051,27.469019,1.833294,-26.273397,26.657753,0.673681,-26.101849,25.113131,0.132153,-26.741407,24.016958,-0.869370,-26.659599,22.551983,-0.419176,-25.416615,25.132187,8.275364,-24.321022,25.263819,8.577632,-24.577347,26.409729,8.523338,-26.551136,25.448444,7.178511,-27.001167,25.760204,6.552328,-26.746931,24.915312,7.246093,-26.597561,20.109940,4.703302,-25.370281,18.809824,4.379814,-25.537718,17.925495,5.027949,-26.466810,16.450567,4.066235,-27.047949,18.436901,3.668798,-27.341084,19.092943,3.576379,-25.902315,30.336777,2.388487,-27.400280,28.943466,-0.385299,-27.317612,26.946066,-0.754119,-27.496534,26.076620,-1.006982,-27.861914,24.793016,-1.604565,-27.138765,24.026882,-1.726333,-26.800945,22.957039,-2.043056,-28.103271,24.978832,-3.188385,-28.336290,25.435518,-1.930588,-29.579626,26.101683,-2.878249,-28.893030,27.657715,-2.234291,-27.276743,28.825445,0.089121,-26.756569,29.546150,1.960543,-27.758900,27.674442,-1.746967,-27.935320,26.291162,-2.365714,-28.037579,24.560270,-2.106801,-27.182055,23.721649,-2.588598,-27.358604,24.930775,-0.184165,-27.590677,26.472477,-0.281047,-26.964054,28.082054,-0.273950,-25.434317,26.021210,8.021204,-25.933252,18.521128,4.133026,41.557621,9.120228,21.600595,37.403301,12.884699,18.751554,32.785431,18.561064,13.418778,32.899151,20.740541,12.637725,33.510014,21.508390,13.486159,33.202938,14.960244,12.738113,33.458218,16.244114,13.623916,34.543823,15.332924,13.944597,35.002415,14.296523,13.965215,37.104641,12.889155,15.398917,37.495171,16.061228,16.453705,37.385727,19.182257,16.580915,36.350853,22.069586,15.691998,39.844257,13.375518,17.846914,40.229313,17.045305,17.679539,39.794708,20.268881,17.750103,38.838039,22.675510,17.865074,41.584389,15.972482,19.549147,41.160122,19.818106,19.598354,40.235512,22.666998,19.056568,39.402374,24.500275,19.480896,-7.526335,-49.257320,26.842461,-8.921639,-52.542919,28.218109,-6.750364,-57.350323,25.216299,-4.578840,-59.439674,21.626266,-19.070868,-57.985291,35.184975,25.059830,-59.950363,-0.800816,41.604404,-53.499115,-11.134689,35.006962,-50.586826,-4.274568,27.435057,-47.512306,1.455822,28.384228,-56.894543,-1.655764,39.928947,-51.392132,-6.562903,31.310238,-52.541645,2.584341,23.285835,-54.038345,10.580436,27.190374,-53.724663,-0.156126,39.668491,-46.601372,-5.628763,30.230412,-48.170910,4.088063,19.653288,-50.067116,14.854500,24.563984,-50.167713,1.201226,35.887157,-43.995987,-4.646456,33.324890,-41.665173,-1.036166,30.554279,-41.038109,2.111626
-30.782831,20.882967,3.870585,-4.721062,30.562620,-9.891078,-9.754186,37.086926,-5.753051,-39.914158,-2.077830,-39.591438,-3.882777,-49.109062,18.186159,2.204515,6.848783,-13.841227,23.067202,12.086234,0.144795,42.067856,9.895945,22.590160,3.985680,30.374924,-41.609386,0.818446,33.670876,-42.222572,-4.556180,-9.478756,-15.907057,-2.531013,-9.632591,-13.898723,8.547231,19.853046,-32.884304,-5.170820,-7.619275,-15.648077,-2.846125,-6.606327,-13.440619,-29.232550,22.499075,8.415899,-29.400148,14.234439,5.611604,-25.458210,25.077692,18.637516,-4.079080,-15.417060,-16.220877,-3.099905,-6.445211,-13.599404,-3.587904,-6.512926,-13.844028,-2.666761,-6.649459,-13.387612,-2.661736,-9.777869,-13.866634,-2.840916,-9.940126,-13.851294,-2.372868,-9.488690,-13.910892,-28.971998,23.287043,16.995214,-27.530085,26.179358,16.203468,-25.694260,28.376085,14.374002,-23.931026,30.626072,9.899947,-23.373613,29.574862,7.202029,-23.484509,28.825846,3.213920,-23.961357,28.588179,0.497779,-24.768629,27.752810,-1.931150,-24.641348,27.766291,-6.266202,-25.205313,25.302265,-7.595624,-26.240803,22.392282,-8.190546,-25.070391,19.013008,-4.586720,-25.679098,16.366467,-3.815054,-25.732655,14.644967,-3.959014,-25.833605,12.390594,-2.469414,-25.809723,11.820765,-1.425032,-26.261148,10.458283,0.408214,-24.706377,23.939348,11.442492,-24.582724,22.806633,10.920602,-24.396175,21.695082,10.521337,-24.370804,20.821819,8.904900,-24.264723,19.603006,7.675786,-23.801174,21.073242,9.001668,-24.432552,18.685316,7.593044,-25.194731,16.219275,6.788915,-25.832520,13.165684,5.131725,-25.971989,11.131008,4.198654,-27.689062,22.599289,5.452840,-27.151201,23.321175,3.923540,-27.288052,23.352411,1.085925,-27.043701,23.122944,-0.754140,-26.915781,27.139011,1.937358,-26.555008,26.316687,0.784111,-26.365755,24.758938,0.253058,-26.996401,23.656572,-0.747631,-26.908937,22.178543,-0.302995,-25.754663,24.853525,8.297128,-24.661058,24.974186,8.581730,-24.921665,26.103226,8.513426,-26.876457,25.116577,7.183905,-27.332436,25.444994,6.566619,-27.077831,24.618494,7.272099,-26.878443,19.753489,4.747910,-25.647427,18.446600,4.406349,-25.801037,17.548134,5.055955,-26.719328,16.066187,4.105196,-27.309242,18.055233,3.708773,-27.606253,18.717508,3.618709,-26.190155,29.995401,2.552206,-27.681364,28.596125,-0.227091,-27.581566,26.590244,-0.607118,-27.749380,25.718386,-0.858277,-28.103689,24.429718,-1.469445,-27.376633,23.656517,-1.582422,-27.032866,22.579077,-1.893937,-28.327169,24.600691,-3.019739,-28.566809,25.070257,-1.750767,-29.800777,25.740248,-2.670104,-29.125593,27.304873,-2.037117,-27.537729,28.482256,0.278382,-27.035757,29.201765,2.126840,-28.019426,27.319889,-1.583388,-28.186777,25.933802,-2.205138,-28.275204,24.194304,-1.946463,-27.414274,23.339006,-2.431585,-27.601849,24.570713,-0.019156,-27.844284,26.118568,-0.110783,-27.227757,27.735733,-0.109111,-25.775494,25.722853,8.025818,-26.206217,18.152679,4.166896,41.316319,9.263952,21.185295,37.129951,13.015897,18.298149,32.449806,18.712667,12.887326,32.538925,20.910543,12.076407,33.148083,21.691442,12.903937,32.878441,15.117146,12.247505,33.075287,16.466198,13.097934,34.144867,15.574994,13.424649,34.591614,14.544095,13.453048,36.793247,13.072176,14.938480,37.094585,16.350538,15.960357,36.930832,19.506256,16.079165,35.858536,22.398813,15.176146,39.540150,13.576174,17.410770,39.841301,17.334223,17.224665,39.362820,20.569527,17.301052,38.377541,22.970921,17.414392,41.280331,16.184700,19.125153,40.786312,20.082491,19.162792,39.828236,22.921213,18.644142,38.980022,24.732626,19.101547,-7.106816,-48.723404,26.645433,-8.305273,-51.952972,27.701216,-6.014111,-56.679062,24.373463,-3.923576,-58.672092,20.716532,-18.168243,-57.211056,33.979149,24.949049,-59.354427,-0.829095,41.259274,-52.982746,-11.158757,34.751125,-50.066914,-4.484828,27.259142,-46.994488,1.125012,28.109524,-56.367207,-1.524676,39.540707,-50.901756,-6.589493,31.149549,-51.980381,2.269702,23.350945,-53.453846,10.010153,26.882187,-53.228889,0.015848,39.254963,-46.104313,-5.574619,29.986811,-47.604927,3.983381,19.601223,-49.477192,14.579942,24.245956,-49.681309,1.402024,35.469139,-43.515823,-4.520776,32.957932,-41.158802,-0.977336,30.208027,-40.516186,2.146117
-30.956749,20.455681,3.995199,-4.783966,30.177244,-9.696236,-9.832898,37.000969,-5.535219,-39.988476,-1.684463,-39.008148,-3.623685,-48.480377,18.019913,2.224280,6.371585,-13.642084,23.214680,12.108873,0.135225,41.787201,10.027882,22.217606,4.275014,30.180887,-41.012486,1.010770,33.617863,-41.725353,-4.533869,-9.507586,-15.935255,-2.499135,-9.661267,-13.921274,8.825637,19.642693,-32.369057,-5.162159,-7.621991,-15.711068,-2.833592,-6.602694,-13.494890,-29.476305,22.109676,8.474813,-29.566641,13.776605,5.696770,-25.756445,24.781570,18.658974,-3.826209,-15.267623,-15.947294,-3.089179,-6.441187,-13.655520,-3.580720,-6.510808,-13.901916,-2.653334,-6.647064,-13.440631,-2.630665,-9.809154,-13.887873,-2.809321,-9.973350,-13.871360,-2.341650,-9.515618,-13.934546,-29.252737,22.974255,17.059036,-27.819836,25.864517,16.284195,-25.983688,28.054779,14.476175,-24.211906,30.299299,10.031419,-23.618807,29.238934,7.391394,-23.689196,28.488401,3.455548,-24.138712,28.231102,0.790868,-24.914555,27.377247,-1.615751,-24.771383,27.356743,-5.949788,-25.324903,24.864410,-7.288923,-26.363077,21.950806,-7.924778,-25.208012,18.568457,-4.366753,-25.814341,15.923403,-3.609954,-25.880606,14.202917,-3.775987,-25.982698,11.954437,-2.303351,-25.977978,11.392251,-1.289480,-26.438793,10.036056,0.522432,-24.997231,23.628099,11.483388,-24.873325,22.481133,10.961320,-24.678305,21.350569,10.559706,-24.640871,20.456388,8.948776,-24.520111,19.221138,7.728532,-24.058537,20.707945,9.036062,-24.673086,18.304312,7.633437,-25.414850,15.820704,6.836545,-26.021545,12.749786,5.202563,-26.140354,10.706970,4.286523,-27.951780,22.201260,5.555607,-27.412483,22.926285,4.036209,-27.534613,22.957561,1.227165,-27.268105,22.724770,-0.587550,-27.164612,26.762892,2.105745,-26.795090,25.930460,0.959211,-26.589128,24.361290,0.438120,-27.210550,23.254745,-0.561833,-27.117252,21.765171,-0.123612,-26.052996,24.525684,8.369013,-24.961723,24.635511,8.636437,-25.226231,25.747692,8.556298,-27.160690,24.736753,7.243544,-27.622963,25.081062,6.635315,-27.368563,24.272963,7.350409,-27.117109,19.359051,4.847735,-25.882574,18.047365,4.487338,-26.021889,17.137232,5.138721,-26.929441,15.650020,4.198189,-27.527859,17.639257,3.804775,-27.828630,18.305983,3.716664,-26.435883,29.605993,2.780504,-27.921362,28.202385,-0.002795,-27.805449,26.189445,-0.394727,-27.962242,25.316923,-0.643906,-28.305311,24.025354,-1.269719,-27.574369,23.246414,-1.374766,-27.224661,22.162861,-1.682885,-28.510941,24.182749,-2.786595,-28.758268,24.663013,-1.506187,-29.981438,25.336082,-2.396071,-29.317259,26.907358,-1.773454,-27.757914,28.092684,0.533911,-27.273024,28.810349,2.357088,-28.238976,26.920286,-1.353302,-28.397812,25.533155,-1.978503,-28.472446,23.787128,-1.720816,-27.605961,22.916941,-2.211535,-27.805862,24.168760,0.209795,-28.058851,25.720505,0.124643,-27.452019,27.343727,0.121066,-26.076704,25.375626,8.082626,-26.437193,17.748865,4.255290,41.014111,9.407204,20.721577,36.796787,13.137010,17.794441,32.055557,18.845898,12.303249,32.120174,21.060606,11.463402,32.726944,21.855452,12.268208,32.493927,15.264641,11.706104,32.632843,16.676590,12.520123,33.686478,15.803156,12.852717,34.121094,14.775350,12.888599,36.418362,13.254207,14.426446,36.628304,16.639042,15.410028,36.404305,19.831652,15.512485,35.289330,22.730343,14.588067,39.169655,13.780162,16.921968,39.384281,17.625689,16.713022,38.856255,20.873774,16.787628,37.837318,23.270527,16.892073,40.906490,16.402369,18.645771,40.340485,20.350145,18.669731,39.345768,23.176149,18.170593,38.480450,24.963322,18.658957,-6.692280,-48.141766,26.370956,-7.685188,-51.309589,27.092199,-5.276447,-55.948093,23.435350,-3.287264,-57.839771,19.727648,-17.283236,-56.365875,32.695702,24.809446,-58.709892,-0.923378,40.866173,-52.422493,-11.239748,34.454609,-49.501923,-4.764165,27.055145,-46.430782,0.711574,27.795204,-55.796101,-1.449437,39.096764,-50.372322,-6.668148,30.942940,-51.376637,1.891800,23.382450,-52.824272,9.366443,26.529179,-52.691113,0.136945,38.784264,-45.566257,-5.567913,29.692764,-46.993683,3.829353,19.508595,-48.838924,14.250845,23.880384,-49.152885,1.554496,34.993824,-42.996075,-4.440918,32.537941,-40.614422,-0.967733,29.813639,-39.958256,2.128259
-31.076296,19.990705,4.179345,-4.803443,29.760534,-9.460981,-9.863201,36.880836,-5.272713,-40.040127,-1.287890,-38.410309,-3.375571,-47.811848,17.787241,2.276349,5.894560,-13.412764,23.355143,12.135489,0.114959,41.441574,10.156419,21.800890,4.585582,29.958916,-40.359997,1.229814,33.537197,-41.164616,-4.508401,-9.533059,-15.950338,-2.464915,-9.686463,-13.931611,9.114458,19.417175,-31.817535,-5.150102,-7.622389,-15.762863,-2.818116,-6.596635,-13.538842,-29.666775,21.677748,8.586246,-29.679653,13.288237,5.829507,-25.999603,24.444157,18.718357,-3.572369,-15.099319,-15.645077,-3.075403,-6.434713,-13.701350,-3.570455,-6.506354,-13.949516,-2.636962,-6.642226,-13.483250,-2.597175,-9.836878,-13.896810,-2.775374,-10.002964,-13.879029,-2.308035,-9.539107,-13.946118,-29.480139,22.619560,17.165922,-28.055603,25.506031,16.412222,-26.218086,27.689486,14.629824,-24.436541,29.929247,10.218858,-23.807552,28.862392,7.637912,-23.838343,28.111734,3.756056,-24.263340,27.833513,1.146898,-25.010151,26.961254,-1.233139,-24.851854,26.907700,-5.563054,-25.396112,24.391008,-6.917065,-26.436581,21.478662,-7.596377,-25.297035,18.097116,-4.088576,-25.900166,15.457156,-3.349469,-25.978611,13.739523,-3.540346,-26.081177,11.499314,-2.088116,-26.095184,10.945353,-1.106007,-26.565706,9.595883,0.681384,-25.239576,23.269419,11.573409,-25.116165,22.108641,11.051646,-24.912651,20.960520,10.648620,-24.862581,20.047190,9.045708,-24.726734,18.797882,7.835730,-24.267414,20.303135,9.126804,-24.864513,17.887709,7.729125,-25.585003,15.390527,6.938098,-26.159948,12.307326,5.325125,-26.257885,10.259731,4.424113,-28.163893,21.760036,5.719213,-27.623465,22.487823,4.212503,-27.730474,22.520136,1.435044,-27.441711,22.284975,-0.352537,-27.361174,26.341757,2.344553,-26.983305,25.500092,1.204822,-26.761707,23.921194,0.692783,-27.373768,22.812590,-0.306838,-27.274576,21.312891,0.123758,-26.302391,24.149569,8.496266,-25.213886,24.248518,8.746878,-25.481770,25.343653,8.657208,-27.394491,24.309628,7.362525,-27.863407,24.669205,6.763699,-27.609858,23.879650,7.486158,-27.304649,18.927279,5.006435,-26.067049,17.612785,4.626063,-26.191658,16.693504,5.279163,-27.088486,15.202826,4.347980,-27.695021,17.189693,3.959946,-27.999361,17.859118,3.873609,-26.628675,29.169859,3.080412,-28.109526,27.763567,0.294250,-27.978733,25.745007,-0.110855,-28.124590,24.873533,-0.358024,-28.456423,23.581379,-0.999905,-27.721712,22.797842,-1.098096,-27.366142,21.709450,-1.404788,-28.644186,23.726309,-2.483295,-28.900192,24.215042,-1.190889,-30.111193,24.890818,-2.050255,-29.457466,26.466763,-1.436993,-27.926514,27.658110,0.862474,-27.457600,28.373270,2.658088,-28.406849,26.476974,-1.050331,-28.557831,25.090580,-1.679750,-28.618931,23.340204,-1.424321,-27.746849,22.456591,-1.923168,-27.960314,23.726126,0.508324,-28.223835,25.279482,0.431376,-27.626160,26.907179,0.423019,-26.328672,24.980251,8.196969,-26.617456,17.310337,4.401415,40.645752,9.550310,20.204969,36.398453,13.247437,17.236376,31.597160,18.959307,11.662529,31.637156,21.188974,10.794710,32.240765,21.998497,11.575031,32.044064,15.401396,11.109791,32.124859,16.874107,11.885689,33.162254,16.016584,12.223660,33.584217,14.989692,12.266513,35.974297,13.434677,13.858158,36.089546,16.926662,14.796816,35.798378,20.158678,14.873778,34.634697,23.064381,13.919723,38.726738,13.987452,16.375332,38.851215,17.920034,16.138397,38.266960,21.182163,16.202374,37.208633,23.574783,16.289820,40.456455,16.625805,18.105177,39.815384,20.621271,18.112560,38.780376,23.431786,17.628839,37.895561,25.192015,18.145845,-6.280678,-47.522278,26.020315,-7.062130,-50.622112,26.395035,-4.540930,-55.166115,22.408743,-2.673145,-56.951351,18.666340,-16.425795,-55.456753,31.347511,24.652596,-58.025517,-1.090905,40.437569,-51.825916,-11.385805,34.126781,-48.899895,-5.118689,26.829517,-45.829399,0.211462,27.453964,-55.189724,-1.438249,38.608696,-49.812206,-6.806808,30.699816,-50.740040,1.443236,23.387194,-52.160057,8.643374,26.143158,-52.119999,0.199561,38.267666,-44.994999,-5.616012,29.357988,-46.346149,3.618927,19.382454,-48.162331,13.861746,23.477957,-48.591354,1.651822,34.472157,-42.444580,-4.414158,32.075455,-40.039986,-1.014679,29.381533,-39.372280,2.050539
-31.132198,19.489439,4.426586,-4.771659,29.313494,-9.179499,-9.837136,36.728279,-4.957731,-40.065285,-0.886418,-37.802555,-3.134055,-47.110432,17.486368,2.367826,5.419805,-13.151248,23.491533,12.170043,0.081045,41.024952,10.280516,21.334795,4.921826,29.711370,-39.647675,1.479116,33.432644,-40.537071,-4.482172,-9.556409,-15.952009,-2.430629,-9.709539,-13.929403,9.418829,19.178192,-31.225548,-5.136615,-7.622381,-15.803321,-2.801363,-6.590239,-13.572417,-29.795362,21.204536,8.754115,-29.730892,12.770602,6.011833,-26.179657,24.067247,18.820910,-3.320560,-14.910250,-15.313764,-3.060248,-6.427870,-13.736887,-3.558752,-6.501606,-13.986824,-2.619330,-6.636976,-13.515460,-2.563562,-9.862341,-13.893171,-2.741370,-10.030206,-13.873925,-2.274276,-9.560554,-13.945310,-29.646318,22.224873,17.320599,-28.228809,25.105644,16.593243,-26.388380,27.281898,14.841365,-24.595312,29.517511,10.469266,-23.930111,28.446909,7.948285,-23.922068,27.697584,4.122049,-24.325155,27.397076,1.572563,-25.045265,26.506424,-0.776879,-24.872480,26.420630,-5.099481,-25.408901,23.883398,-6.474258,-26.451492,20.977589,-7.200356,-25.327778,17.600706,-3.748060,-25.927176,14.969466,-3.030106,-26.017521,13.256274,-3.249047,-26.120241,11.026707,-1.821292,-26.152931,10.481316,-0.872464,-26.633774,9.138854,0.886850,-25.425140,22.864126,11.717155,-25.303165,21.689816,11.195840,-25.091177,20.525478,10.792025,-25.027849,19.594723,9.199293,-24.876438,18.333784,8.000721,-24.419512,19.858768,9.277216,-24.998756,17.435642,7.882889,-25.697306,14.929095,7.095806,-26.239958,11.839014,5.501160,-26.316751,9.790191,4.612906,-28.316610,21.275951,5.947715,-27.775009,22.006092,4.456900,-27.866217,22.040640,1.714209,-27.554863,21.804207,-0.044456,-27.495403,25.876337,2.659571,-27.109596,25.026226,1.526560,-26.873470,23.439295,1.022137,-27.476185,22.330875,0.022250,-27.371172,20.822357,0.443664,-26.493961,23.725840,8.683894,-25.408669,23.813658,8.917981,-25.679317,24.891357,8.821135,-27.568840,23.835613,7.545653,-28.044649,24.209930,6.956755,-27.792734,23.439217,7.684319,-27.432343,18.458548,5.227482,-26.192341,17.143240,4.825540,-26.301920,16.217413,5.480030,-27.187950,14.725165,4.557105,-27.802048,16.706936,4.177255,-28.109787,17.377377,4.092668,-26.758024,28.687847,3.458738,-28.235363,27.280537,0.670514,-28.091085,25.257801,0.250384,-28.226135,24.389088,0.005019,-28.546913,23.098879,-0.654752,-27.808575,22.311699,-0.747343,-27.447372,21.219498,-1.054742,-28.716705,23.232248,-2.104389,-28.982353,23.727179,-0.799149,-30.179842,24.405573,-1.626932,-29.535883,25.984190,-1.021623,-28.033043,27.179440,1.270624,-27.579016,27.891424,3.036399,-28.512602,25.990856,-0.668326,-28.656496,24.606991,-1.303086,-28.704487,22.854557,-1.051562,-27.826931,21.958702,-1.561455,-28.055090,23.243641,0.881840,-28.329016,24.796211,0.815200,-27.739754,26.426788,0.802995,-26.522417,24.537165,8.373845,-26.738424,16.837494,4.608283,40.204807,9.692591,19.630140,35.928509,13.345483,16.619102,31.068159,19.050148,10.960382,31.083269,21.292591,10.065579,31.682846,22.117247,10.819618,31.522596,15.524858,10.453612,31.544487,17.056324,11.188959,32.564945,16.213177,11.531393,32.973545,15.185137,11.580408,35.454361,13.611919,13.227919,35.470573,17.212193,14.113651,35.104229,20.486393,14.154458,33.885010,23.399868,13.161425,38.204361,14.196919,15.764591,38.233959,18.216402,15.493171,37.585835,21.494026,15.536389,36.481598,23.882910,15.597670,39.922714,16.854256,17.496323,39.202751,20.894974,17.483358,38.123234,23.686911,17.010361,37.216263,25.417112,17.553514,-5.869492,-46.872566,25.593384,-6.435544,-49.897518,25.611423,-3.809391,-54.339447,21.297567,-2.083073,-56.012981,17.536699,-15.602790,-54.488369,29.943340,24.487236,-57.307701,-1.337507,39.982559,-51.198502,-11.603417,33.774403,-48.266605,-5.553537,26.586773,-45.196148,-0.379018,27.095356,-54.554447,-1.497669,38.084766,-49.227711,-7.011804,30.427059,-50.077877,0.917504,23.370403,-51.468998,7.835143,25.733034,-51.522129,0.197544,37.713257,-44.396297,-5.724731,28.989391,-45.668827,3.346604,19.227755,-47.454659,13.408342,23.046658,-48.003448,1.688463,33.912125,-41.867130,-4.446362,31.578136,-39.441334,-1.124031,28.919193,-38.764191,1.907087
-31.115259,18.952967,4.740297,-4.680973,28.836967,-8.846192,-9.746764,36.544952,-4.582456,-40.060032,-0.477755,-37.188419,-2.894694,-46.381214,17.114857,2.505659,4.949316,-12.855585,23.626570,12.215894,0.030542,40.530231,10.398078,20.813238,5.288537,29.440102,-38.870716,1.762530,33.307545,-39.838856,-4.457520,-9.578847,-15.939693,-2.398493,-9.731758,-13.914019,9.744068,18.927055,-30.588602,-5.123665,-7.623804,-15.831956,-2.785000,-6.585480,-13.595169,-29.853628,20.691097,8.981999,-29.712032,12.224762,6.245600,-26.288877,23.652517,18.971519,-3.073274,-14.698435,-14.952540,-3.045364,-6.422635,-13.761679,-3.547230,-6.498518,-14.013422,-2.602102,-6.633270,-13.536800,-2.532055,-9.886752,-13.876213,-2.709601,-10.056285,-13.855340,-2.242533,-9.581234,-13.931437,-29.743523,21.791962,17.527710,-28.331139,24.664949,16.832808,-26.485722,26.833529,15.117057,-24.678944,29.065462,10.789449,-23.977032,27.993906,8.329057,-23.930706,27.247435,4.560077,-24.314253,26.923153,2.074567,-25.009888,26.014004,-0.240622,-24.823090,25.896637,-4.552792,-25.353291,23.342524,-5.954811,-26.398012,20.448917,-6.731895,-25.290684,17.080692,-3.341232,-25.885990,14.461761,-2.648541,-25.988272,12.754450,-2.899234,-26.091162,10.537897,-1.500737,-26.142809,10.001208,-0.586921,-26.634954,8.665924,1.140432,-25.545851,22.412924,11.919065,-25.426426,21.225212,11.398019,-25.206011,20.045893,10.993648,-25.128756,19.099352,9.412921,-24.961226,17.829247,8.226615,-24.506701,19.374666,9.490386,-25.067879,16.948130,8.097251,-25.743937,14.436628,7.311726,-26.253792,11.345364,5.732243,-26.309082,9.299095,4.854259,-28.401272,20.749126,6.244989,-27.858152,21.481188,4.773571,-27.932600,21.519339,2.068984,-27.598009,21.282913,0.341162,-27.557434,25.367058,3.056373,-27.164124,24.509230,1.929704,-26.914618,22.915972,1.431113,-27.508032,21.810089,0.430076,-27.397400,20.293983,0.840482,-26.618984,23.255014,8.936649,-25.537432,23.331280,9.154388,-25.810141,24.390934,9.052807,-27.674931,23.314913,7.797490,-28.157883,23.703573,7.219186,-27.908411,22.952150,7.949544,-27.491629,17.953020,5.513994,-26.250046,16.638952,5.088604,-26.344339,15.709241,5.743785,-27.219391,14.217381,4.827887,-27.840359,16.191244,4.459383,-28.151302,16.861061,4.376750,-26.813711,28.160475,3.921928,-28.288612,26.753834,1.132144,-28.132387,24.728413,0.694656,-28.256744,23.864176,0.450600,-28.566776,22.578609,-0.229215,-27.824970,21.788576,-0.317646,-27.458471,20.693398,-0.628124,-28.718428,22.701130,-1.644698,-28.994602,23.199938,-0.325449,-30.177317,23.881142,-1.120595,-29.542290,25.460407,-0.521407,-28.067205,26.657223,1.764608,-27.627041,27.365362,3.498297,-28.545948,25.462513,-0.201367,-28.683533,24.082966,-0.842904,-28.718983,22.330891,-0.597422,-27.836283,21.423750,-1.121591,-28.080219,22.721798,1.335555,-28.364319,24.271120,1.281709,-27.782566,25.902935,1.266974,-26.649179,24.046673,8.618043,-26.791655,16.330542,4.878613,39.683689,9.832336,18.990816,35.379398,13.428417,15.936953,30.461149,19.114517,10.191319,30.451010,21.367222,9.270452,31.045660,22.207216,9.996348,30.922461,15.631363,9.731751,30.884062,17.219597,10.423340,31.886557,16.389605,10.768826,32.280853,15.358514,10.822915,34.850910,13.783195,12.529041,34.762691,17.493286,13.352210,34.312042,20.812675,13.344454,33.029594,23.734520,12.301781,37.594429,14.406428,15.082257,37.523376,18.512968,14.768409,36.802700,21.807552,14.779173,35.645275,24.192881,14.803940,39.296627,17.086012,16.810719,38.493198,21.169277,16.772701,37.364475,23.939104,16.305176,36.432499,25.635771,16.871826,-5.455620,-46.198334,25.088755,-5.803812,-49.140827,24.741270,-3.082180,-53.472328,20.103401,-1.517565,-55.028675,16.340595,-14.818707,-53.463482,28.488794,24.320152,-56.560852,-1.668299,39.507751,-50.543991,-11.897961,33.402336,-47.605839,-6.073318,26.330172,-44.534756,-1.063484,26.726645,-53.894806,-1.633173,37.530785,-48.623398,-7.288420,30.129671,-49.395313,0.308544,23.336218,-50.756645,6.935661,25.305494,-50.902191,0.125744,37.126808,-43.774021,-5.898820,28.591822,-44.966015,3.007927,19.047972,-46.720680,12.887114,22.592573,-47.394066,1.659636,33.319511,-41.267731,-4.542432,31.051491,-38.822472,-1.300603,28.431911,-38.137989,1.693188
-31.016314,18.382265,5.123472,-4.523878,28.331760,-8.455715,-9.584178,36.332550,-4.139058,-40.020218,-0.059090,-36.570541,-2.652798,-45.627651,16.669584,2.696715,4.484998,-12.523896,23.762821,12.275798,-0.039722,39.949348,10.506050,20.229286,5.690899,29.146505,-38.023933,2.084302,33.165016,-39.065670,-4.436733,-9.601585,-15.912529,-2.370655,-9.754426,-13.884462,10.095924,18.664690,-29.901926,-5.113205,-7.628455,-15.847995,-2.770667,-6.584340,-13.606346,-29.833294,20.138416,9.273090,-29.614803,11.651679,6.532294,-26.319817,23.201700,19.174870,-2.832586,-14.461745,-14.560215,-3.032380,-6.420967,-13.775017,-3.537521,-6.499033,-14.028610,-2.586956,-6.633074,-13.546460,-2.504819,-9.911366,-13.844994,-2.682260,-10.082406,-13.822316,-2.214930,-9.602515,-13.903617,-29.764305,21.322657,17.791716,-28.354521,24.185558,17.136274,-26.501583,26.345842,15.462965,-24.678402,28.574409,11.186038,-23.939117,27.504715,8.786609,-23.854725,26.762642,5.076601,-24.220863,26.412939,2.659366,-24.894047,25.485025,0.381792,-24.693588,25.336554,-3.916952,-25.219315,22.769085,-5.353271,-26.266380,19.893785,-6.186379,-25.176180,16.538248,-2.864381,-25.767260,13.935325,-2.201743,-25.881813,12.235162,-2.488282,-25.985195,10.034083,-1.124394,-26.056408,9.506054,-0.247537,-26.561239,8.177996,1.443653,-25.593876,21.916582,12.183364,-25.478283,20.715422,11.662051,-25.249470,19.522230,11.256970,-25.157568,18.561459,9.689713,-24.973186,17.284683,8.516307,-24.520956,18.850603,9.769039,-25.064035,16.425114,8.374469,-25.717152,13.913254,7.587577,-26.193680,10.826859,6.019669,-26.227087,8.787138,5.149283,-28.409470,20.179625,6.614635,-27.864145,20.913116,5.166457,-27.920563,20.956388,2.503391,-27.561794,20.721392,0.808367,-27.537594,24.814213,3.540173,-27.137192,23.949308,2.419246,-26.875402,22.351425,1.924193,-27.459671,21.250589,0.920927,-27.343710,19.728039,1.318202,-26.669031,22.737644,9.259062,-25.591785,22.801722,9.460422,-25.865770,23.842470,9.356668,-27.704199,22.747725,8.122274,-28.194515,23.150427,7.555418,-27.948387,22.418949,8.286252,-27.474003,17.410784,5.868889,-26.231829,16.100052,5.417686,-26.310614,15.169220,6.072604,-27.174395,13.679780,5.162351,-27.801474,15.642752,4.808704,-28.115461,16.310366,4.728462,-26.785713,27.588053,4.476106,-28.259172,26.183819,1.685053,-28.092628,24.157244,1.227277,-28.206366,23.299160,0.983879,-28.506060,22.021139,0.281449,-27.761023,21.228930,0.195526,-27.389652,20.131355,-0.120642,-28.639328,22.133322,-1.099326,-28.926872,22.633642,0.235410,-30.093525,23.318104,-0.525911,-29.466616,24.895920,0.069357,-28.018864,26.091810,2.350430,-27.591667,26.795448,4.049628,-28.496702,24.892292,0.356210,-28.628765,23.518908,-0.293899,-28.652378,21.769745,-0.056996,-27.765057,20.852020,-0.599129,-28.025801,22.160931,1.874366,-28.319817,23.704435,1.836213,-27.744583,25.335775,1.820593,-26.700464,23.509079,8.934004,-26.768768,15.789633,5.214859,39.073856,9.966951,18.279869,34.742676,13.492463,15.183568,29.767935,19.147377,9.349235,29.732124,21.407410,8.403205,30.320986,22.262669,9.098944,30.235830,15.716015,8.937681,30.135317,17.358988,9.581517,31.118425,16.541269,9.928050,31.497253,15.505352,9.985710,34.155514,13.944679,11.753839,33.956371,17.766375,12.503006,33.411083,21.134108,12.432211,32.056797,24.064653,11.327712,36.888008,14.612756,14.319700,36.709400,18.806639,13.953836,35.906403,22.119707,13.918674,34.687695,24.501408,13.895266,38.568657,17.318251,16.038626,37.676384,21.441017,15.969810,36.493389,24.184717,15.501939,35.533375,25.843800,16.089247,-5.035291,-45.503738,24.503872,-5.164228,-48.355423,23.782839,-2.358481,-52.567291,18.826046,-0.976174,-54.000664,15.078296,-14.076011,-52.383186,26.987080,24.156725,-55.787651,-2.087947,39.018017,-49.864437,-12.274155,33.014194,-46.919647,-6.682410,26.062160,-43.847057,-1.845752,26.353552,-53.213634,-1.849687,36.950771,-48.002197,-7.641290,29.811378,-48.695793,-0.389537,23.288046,-50.026661,5.938461,24.865860,-50.263260,-0.020560,36.512402,-43.130394,-6.142406,28.168636,-44.240150,2.599200,18.845490,-45.963047,12.295101,22.120533,-46.766430,1.560907,32.698605,-40.648708,-4.706735,30.499485,-38.185665,-1.548565,27.923376,-37.496002,1.404931
-30.826412,17.778229,5.578689,-4.293126,27.798735,-8.002847,-9.341556,36.092983,-3.619684,-39.941525,0.372908,-35.950901,-2.403260,-44.851974,16.146811,2.947711,4.028670,-12.154304,23.902653,12.352044,-0.133088,39.273476,10.600372,19.575190,6.134585,28.831602,-37.101681,2.449122,33.008022,-38.212734,-4.422053,-9.625875,-15.869433,-2.349223,-9.778907,-13.839627,10.480610,18.391651,-29.160362,-5.107171,-7.638176,-15.850417,-2.759995,-6.588773,-13.604995,-29.726393,19.547554,9.630259,-29.431084,11.052251,6.873069,-26.265423,22.716721,19.435415,-2.600022,-14.198021,-14.135266,-3.022923,-6.424833,-13.775924,-3.531209,-6.505085,-14.031446,-2.575510,-6.638323,-13.543540,-2.483988,-9.937491,-13.798372,-2.661519,-10.109863,-13.773679,-2.193539,-9.625753,-13.860714,-29.701635,20.818983,18.117006,-28.291309,23.669258,17.508896,-26.427809,25.820429,15.884994,-24.585100,28.045712,11.665530,-23.807516,26.980705,9.327285,-23.684931,26.244518,5.677893,-24.035507,25.867577,3.333300,-24.687983,24.920439,1.096329,-24.473984,24.741114,-3.186316,-24.997133,22.163654,-4.664420,-26.046923,19.313198,-5.559417,-24.974792,15.974521,-2.314155,-25.561733,13.391304,-1.686948,-25.689198,11.699447,-2.013840,-25.793756,9.516389,-0.690553,-25.885479,8.996828,0.147178,-26.404705,7.675958,1.797737,-25.561825,21.376081,12.514057,-25.451441,20.161253,11.991560,-25.214277,18.955158,11.585196,-25.106886,17.981581,10.032483,-24.904768,16.700617,8.872236,-24.454540,18.286398,10.115396,-24.979586,15.866574,8.716262,-25.609398,13.359158,7.924688,-26.052052,10.284004,6.364385,-26.063038,8.255024,5.498765,-28.333155,19.567537,7.059803,-27.784540,20.301920,5.639034,-27.821297,20.351978,3.021039,-27.437016,20.119980,1.360823,-27.426517,24.218071,4.115713,-27.019384,23.346649,2.999637,-26.746361,21.745872,2.505374,-27.321659,20.652727,1.498592,-27.200758,19.124828,1.880399,-26.636040,22.174454,9.655331,-25.563723,22.225521,9.840142,-25.838133,23.246201,9.736659,-27.648481,22.134319,8.523806,-28.146338,22.550926,7.969514,-27.904499,21.840240,8.698519,-27.371267,16.831945,6.294628,-26.129622,15.526736,5.814850,-26.192698,14.597587,6.468238,-27.044701,13.112658,5.562076,-27.677069,15.061612,5.227144,-27.993979,15.725483,5.149964,-26.664383,26.970861,5.126917,-28.137199,25.570787,2.334642,-27.961985,23.544657,1.853128,-28.065115,22.694384,1.609525,-28.354984,21.427027,0.881603,-27.606987,20.633135,0.796276,-27.231255,19.533506,0.471586,-28.469553,21.529106,-0.463806,-28.769224,22.028559,0.888229,-29.918659,22.716919,0.161968,-29.299002,24.291157,0.755939,-27.878166,25.483437,3.033653,-27.463173,26.181959,4.695832,-28.354862,24.280506,1.009601,-28.482162,22.915119,0.348848,-28.494722,21.171598,0.574145,-27.603563,20.243753,0.009972,-27.882137,21.561306,2.502776,-28.185823,23.096310,2.483527,-27.616034,24.725407,2.469067,-26.668159,22.924826,9.325777,-26.661556,15.214923,5.618975,38.365891,10.092904,17.489288,34.009087,13.532909,14.351871,28.979757,19.142620,8.427542,28.917921,21.406630,7.457190,29.500151,22.276691,8.120602,29.454575,15.772900,8.064253,29.289618,17.468370,8.655529,30.251497,16.662338,9.000345,30.613432,15.619959,9.059584,33.359226,14.091353,10.893770,33.041595,18.026676,11.555455,32.390026,21.445881,11.404752,30.954313,24.385090,10.224504,36.075550,14.811510,13.467244,35.781376,19.093111,13.037944,34.885166,22.426033,12.941407,33.596260,24.803616,12.856638,37.728558,17.546947,15.169047,36.741421,21.705761,15.062603,35.498661,24.418669,14.587959,34.507530,26.035542,15.193002,-4.604061,-44.791737,23.835197,-4.513254,-47.543381,22.733311,-1.636456,-51.625408,17.463938,-0.457499,-52.929665,13.748821,-13.375400,-51.247097,25.439520,24.001457,-54.989223,-2.601030,38.516983,-49.160362,-12.736323,32.612804,-46.208420,-7.385104,25.784760,-43.133209,-2.729730,25.980761,-52.512314,-2.151863,36.347523,-47.365643,-8.074674,29.474905,-47.981174,-1.182597,23.228809,-49.281071,4.836645,24.418465,-49.606956,-0.245835,35.872967,-42.466106,-6.459187,27.722132,-43.491875,2.117237,18.621922,-45.182529,11.629875,21.634615,-46.122356,1.387888,32.052696,-40.010963,-4.943358,29.925056,-37.531712,-1.871667,27.396124,-36.838989,1.039000
-30.536936,17.141817,6.107898,-3.981800,27.238913,-7.482775,-9.011323,35.828495,-3.016532,-39.819347,0.821916,-35.330963,-2.140385,-44.055470,15.542284,3.265110,3.581994,-11.745021,24.048128,12.446284,-0.253093,38.493343,10.676080,18.842424,6.625846,28.495987,-36.097988,2.862160,32.839443,-37.274940,-4.415633,-9.653159,-15.809296,-2.336211,-9.806715,-13.778322,10.904970,18.108053,-28.358515,-5.107427,-7.654843,-15.838109,-2.754530,-6.600818,-13.590001,-29.525438,18.919773,10.055698,-29.153002,10.427435,7.268581,-26.119352,22.199820,19.757410,-2.376515,-13.905161,-13.675935,-3.018519,-6.436235,-13.763356,-3.529836,-6.518637,-14.020844,-2.569300,-6.650991,-13.526863,-2.471587,-9.966597,-13.735132,-2.649443,-10.140094,-13.708197,-2.180324,-9.652497,-13.801535,-29.549086,20.283331,18.507917,-28.134466,23.118160,17.955751,-26.256882,25.259155,16.388838,-24.391088,27.480949,12.234084,-23.573935,26.423391,9.957129,-23.412615,25.694487,6.370037,-23.749073,25.288319,4.102393,-24.382233,24.321253,1.908553,-24.154604,24.111090,-2.355773,-24.677128,21.526779,-3.883485,-25.730158,18.708130,-4.847110,-24.677242,15.390636,-1.687545,-25.260391,12.830826,-1.101861,-25.401731,11.148312,-1.474024,-25.508497,8.985957,-0.197847,-25.621986,8.474555,0.598413,-26.157740,7.160730,2.203699,-25.442883,20.792797,12.914845,-25.339220,19.563890,12.389901,-25.093664,18.345684,11.981208,-24.969852,17.360542,10.443551,-24.748859,16.077848,9.296432,-24.300179,17.682066,10.531197,-24.807344,15.272640,9.123876,-25.413486,12.774611,8.323874,-25.821644,9.717352,6.766864,-25.809568,7.703543,5.903103,-28.164785,18.913143,7.583218,-27.611389,19.647821,6.194232,-27.626474,19.706442,3.624905,-27.214931,19.479128,2.001562,-27.215294,23.579012,4.787086,-26.801744,22.701534,3.674667,-26.518387,21.099625,3.178019,-27.084904,20.016991,2.166228,-26.959515,18.484703,2.530070,-26.512562,21.566523,10.129246,-25.445808,21.603533,10.297106,-25.719765,22.602646,10.196277,-27.500132,21.475239,9.005399,-28.005730,21.905754,8.464967,-27.769140,21.216982,9.189968,-27.175632,16.216732,6.793109,-25.935701,14.919311,6.281549,-25.982904,13.994684,6.931860,-26.822414,12.516413,6.028176,-27.459200,14.448077,5.716078,-27.779005,15.106756,5.642872,-26.440535,26.309206,5.879402,-27.913252,24.915098,3.085792,-27.730991,22.891092,2.576496,-27.823471,22.050261,2.331705,-28.104067,20.796867,1.575030,-27.353378,20.001671,1.488201,-26.973925,18.900032,1.151728,-28.199514,20.888834,0.265674,-28.512041,21.385015,1.637216,-29.643173,22.078119,0.947421,-29.029980,23.646540,1.543068,-27.635687,24.832390,3.819215,-27.232317,25.525232,5.441640,-28.110792,23.627499,1.763418,-28.234009,22.271986,1.089629,-28.236349,20.537018,1.299862,-27.342440,19.599249,0.709098,-27.639885,20.923275,3.224695,-27.953100,22.446962,3.227848,-27.387587,24.071987,3.216934,-26.544756,22.294672,9.796907,-26.462255,14.606710,6.092394,37.549953,10.205753,16.610376,33.168995,13.544188,13.434299,28.087574,19.093199,7.419355,27.999496,21.357265,6.425538,28.574440,22.241196,7.054338,28.570393,15.794908,7.103926,28.338354,17.540352,7.636990,29.276728,16.745699,7.976500,29.620108,15.695390,8.034781,32.452938,14.217104,9.939648,32.008217,18.267998,10.498163,31.237383,21.741661,10.247960,29.709692,24.688969,8.976101,35.147350,14.997070,12.514361,34.728493,19.366661,12.008170,33.727005,22.720530,11.832615,32.358128,25.093002,11.671657,36.765842,17.766827,14.189897,35.677086,21.957638,14.037869,34.368908,24.634394,13.549474,33.343567,26.203751,14.169250,-4.156637,-44.064312,23.078339,-3.846461,-46.705669,21.588974,-0.913562,-50.646545,16.014761,0.040436,-51.815113,12.350597,-12.716355,-50.053593,23.846506,23.858175,-54.165314,-3.212059,38.007454,-48.430969,-13.288511,32.200489,-45.471085,-8.185658,25.499849,-42.391876,-3.719464,25.612398,-51.790871,-2.544334,35.722935,-46.713966,-8.592542,29.122450,-47.252064,-2.076673,23.161106,-48.520580,3.622844,23.967304,-48.933666,-0.554743,35.210701,-41.780483,-6.852625,27.253876,-42.720348,1.559317,18.378298,-44.378197,10.889466,21.138706,-45.462479,1.135962,31.384638,-39.354065,-5.256364,29.330568,-36.859993,-2.273399,26.851942,-36.166275,0.592583
-30.139685,16.474087,6.712321,-3.583452,26.653484,-6.890963,-8.586305,35.541775,-2.321830,-39.648682,1.291738,-34.711906,-1.857616,-43.238884,14.851099,3.655052,3.146377,-11.294337,24.200914,12.559530,-0.403606,37.599567,10.727332,18.021742,7.171634,28.139778,-35.006447,3.329218,32.662113,-36.246784,-4.419482,-9.685040,-15.730977,-2.333467,-9.839541,-13.699304,11.376638,17.813414,-27.490570,-5.115759,-7.680408,-15.809819,-2.755667,-6.622490,-13.560241,-29.223589,18.256590,10.551012,-28.773209,9.778191,7.718902,-25.876102,21.653702,20.144978,-2.162269,-13.581129,-13.179976,-3.020576,-6.457197,-13.736184,-3.534798,-6.541679,-13.995738,-2.569738,-6.673130,-13.495329,-2.469483,-10.000355,-13.654063,-2.647941,-10.174777,-13.624657,-2.177103,-9.684448,-13.724921,-29.301069,19.718561,18.968697,-27.877787,22.534828,18.481825,-25.982059,24.664251,16.980045,-24.089146,26.881969,12.897779,-23.230772,25.834499,10.682049,-23.029663,25.114090,7.158926,-23.353010,24.676531,4.972389,-23.967833,23.688608,2.823626,-23.726141,23.447367,-1.420777,-24.250013,20.859062,-3.006171,-25.306965,18.079634,-4.045980,-24.274616,14.787729,-0.982050,-24.854557,12.255013,-0.444660,-25.011158,10.582786,-0.867292,-25.121513,8.443948,0.354737,-25.258408,7.940308,1.106910,-25.813206,6.633298,2.662182,-25.231075,20.168615,13.389147,-25.135767,18.924997,12.860008,-24.881632,17.695257,12.447469,-24.740335,16.699574,10.924826,-24.499044,15.417500,9.790354,-24.051256,17.037849,11.017336,-24.540730,14.643621,9.597844,-25.122826,12.160011,8.785307,-25.495708,9.127573,7.226995,-25.459776,7.133527,6.362205,-27.897495,18.216993,8.186999,-27.337423,18.951292,6.834301,-27.328369,19.020330,4.317295,-26.887295,18.799519,2.732827,-26.895645,22.897617,5.557657,-26.475883,22.014452,4.447375,-26.182934,20.413176,3.944667,-26.740788,19.344034,2.926217,-26.611450,17.808247,3.269483,-26.291870,20.915388,10.684175,-25.231396,20.937080,10.834403,-25.503992,21.912712,10.738419,-27.252268,20.771364,9.569765,-27.765743,21.215967,9.044795,-27.535469,20.550541,9.763756,-26.879862,15.565578,7.365625,-25.642954,14.278274,6.818660,-25.674059,13.360997,7.463998,-26.500107,11.891611,6.561110,-27.140442,13.802545,6.276164,-27.463219,14.454693,6.208225,-26.105644,25.603571,6.737908,-27.578417,24.217224,3.942684,-27.390676,22.197144,3.400980,-27.472321,21.367325,3.153842,-27.744211,20.131454,2.364870,-26.991152,19.335176,2.274148,-26.608742,18.231255,1.922306,-27.820103,20.212975,1.092329,-28.146160,20.703497,2.485896,-29.258039,21.402306,1.834120,-28.650602,22.962605,2.434821,-27.282572,24.139048,4.711383,-26.890482,24.825748,6.291139,-27.755280,22.933720,2.621650,-27.874960,21.590034,1.932088,-27.867949,19.866705,2.123377,-26.972708,18.918987,1.500995,-27.290215,20.247341,4.043374,-27.612879,21.756748,4.072738,-27.050461,23.375763,4.068060,-26.323471,21.619791,10.350399,-26.163633,13.965446,6.635852,36.615963,10.300198,15.633793,32.212589,13.520010,12.422838,27.082439,18.991247,6.317666,26.968262,21.250731,5.301318,27.535593,22.146889,5.893179,27.575356,15.773935,6.048931,27.273432,17.566326,6.517388,28.185513,16.783054,6.846890,28.508385,15.723486,6.900956,31.427813,14.314550,8.881819,30.846474,18.482710,9.319036,29.942032,22.013443,8.946687,28.310814,24.967646,7.565212,34.093864,15.162510,11.449811,33.540195,19.619995,10.851125,32.420265,22.995461,10.576431,30.960815,25.361130,10.322717,35.670135,17.971210,13.088174,34.472553,22.189236,12.881498,33.093124,24.823624,12.371852,32.030655,26.339481,13.003388,-3.686913,-43.322941,22.228157,-3.158619,-45.842537,20.345507,-0.186701,-49.629642,14.475787,0.520152,-50.655487,10.881733,-12.097342,-48.800030,22.207901,23.730295,-53.314468,-3.925632,37.491722,-47.674183,-13.934682,31.779387,-44.705296,-9.088297,25.209341,-41.620312,-4.819020,25.252253,-51.048271,-3.031903,35.078392,-46.046398,-9.198792,28.755663,-46.508007,-3.077930,23.087234,-47.744831,2.289237,23.516237,-48.242672,-0.952247,34.527405,-41.071728,-7.326138,26.764959,-41.923458,0.923016,18.115192,-43.547775,10.072432,20.636782,-44.786434,0.800040,30.697159,-38.676563,-5.650052,28.718092,-36.168774,-2.757235,26.292139,-35.475986,0.063157
-29.627003,15.776064,7.392337,-3.092146,26.043762,-6.223169,-8.059667,35.235966,-1.527786,-39.423981,1.786141,-34.094791,-1.547291,-42.402760,14.067627,4.123232,2.722809,-10.800574,24.362091,12.691928,-0.588828,36.582821,10.747506,17.103104,7.779902,27.762339,-33.819973,3.856980,32.478756,-35.122231,-4.435351,-9.723454,-15.633456,-2.342516,-9.879385,-13.601563,11.904293,17.506451,-26.550205,-5.133661,-7.716896,-15.764398,-2.764563,-6.655877,-13.514559,-28.814789,17.559752,11.117083,-28.284857,9.105379,8.223507,-25.531273,21.081499,20.602188,-1.956434,-13.224103,-12.644648,-3.030256,-6.489794,-13.693316,-3.547238,-6.576256,-13.955059,-2.577989,-6.706816,-13.447800,-2.479265,-10.040748,-13.554097,-2.658638,-10.215861,-13.521946,-2.185357,-9.723607,-13.629783,-28.953012,19.128027,19.503687,-27.516012,21.922260,19.092102,-25.597565,24.038349,17.664106,-23.673008,26.250875,13.662501,-22.771257,25.215899,11.507918,-22.528749,24.504911,8.050391,-22.839415,24.033670,5.948838,-23.436357,23.023691,3.846377,-23.179779,22.750916,-0.377397,-23.706924,20.161076,-2.028579,-24.768629,17.428709,-3.152954,-23.758390,14.166916,-0.195588,-24.335941,11.664913,0.286078,-24.509607,10.003791,-0.192579,-24.625374,7.891456,0.967848,-24.787678,7.395097,1.673114,-25.364492,6.094571,3.173558,-24.921494,19.505909,13.940162,-24.836199,18.246717,13.404623,-24.573191,17.005772,12.986124,-24.413118,16.000240,11.477697,-24.149725,14.721029,10.354916,-23.701935,16.354151,11.574085,-24.173878,13.979922,10.137979,-24.731514,11.515818,9.308517,-25.068148,8.515320,7.744148,-25.007376,6.545812,6.875531,-27.525272,17.479826,8.872677,-26.956127,18.212982,7.560899,-26.919977,18.294367,5.099738,-26.446541,18.081997,3.556218,-26.459970,22.174610,6.430134,-26.034103,21.286013,5.320038,-25.732006,19.687141,4.807109,-26.281296,18.634714,3.780254,-26.148561,17.096153,4.100269,-25.968216,20.223078,11.323066,-24.914778,20.227930,11.454661,-25.185041,21.177685,11.365417,-26.898891,20.023891,10.219048,-27.420425,20.482973,9.711453,-27.197508,19.842710,10.422605,-26.477478,14.879013,8.012844,-25.244946,13.604243,7.426243,-25.259768,12.697117,8.064484,-26.070997,11.238837,7.160665,-26.714008,13.125483,6.907418,-27.039976,13.769900,6.846355,-25.651905,24.854498,7.706113,-27.124397,23.477718,4.908906,-26.932535,21.463528,4.329511,-27.003012,20.646223,4.078768,-27.266817,19.431650,3.253667,-26.511728,18.634422,3.156433,-26.127308,17.527533,2.785119,-27.322704,19.502079,2.018617,-27.662962,19.984573,3.437157,-28.754765,20.690145,2.825127,-28.152533,22.239887,3.434729,-26.810658,23.403816,5.713820,-26.429729,24.084042,7.247767,-27.279638,22.199705,3.587580,-27.396162,20.869837,2.879282,-27.380642,19.161469,3.047246,-26.485962,18.203522,2.387648,-26.824852,19.534111,4.961440,-27.157135,21.026112,5.021014,-26.596588,22.637056,5.025620,-25.998478,20.901754,10.988729,-25.759094,13.291720,7.249442,35.553940,10.370221,14.549525,31.130177,13.453568,11.309016,25.955780,18.828281,5.115335,25.816181,21.077568,4.077623,26.376162,21.983253,4.630317,26.462250,15.700913,4.891465,26.087685,17.536499,5.288166,26.970165,16.764896,5.601619,27.270203,15.694922,5.647309,30.275654,14.375137,7.710251,29.547472,18.661629,8.005515,28.493715,22.251461,7.484877,26.746481,25.210495,5.973398,32.906204,15.299533,10.261768,32.206837,19.844172,9.552720,30.954138,23.241219,9.156073,29.392752,25.597574,8.791082,34.431698,18.151896,11.850129,33.117729,22.391380,11.578619,31.661341,24.976343,11.039783,30.559015,26.431923,11.680141,-3.187616,-42.568775,21.278620,-2.443694,-44.953690,18.998144,0.547582,-48.572849,12.844209,0.984355,-49.448418,9.340462,-11.516173,-47.482727,20.523531,23.620853,-52.434174,-4.746539,36.971619,-46.886780,-14.678705,31.351528,-43.907440,-10.097303,24.915165,-40.814487,-6.032401,24.904030,-50.282364,-3.619780,34.414742,-45.361153,-9.897265,28.375702,-45.747719,-4.192830,23.009134,-46.952614,0.827358,23.069244,-47.532375,-1.443890,33.824619,-40.336994,-7.883187,26.255859,-41.097935,0.206387,17.832483,-42.687637,9.178050,20.133230,-44.093105,0.374217,29.993151,-37.976082,-6.129132,28.089569,-35.455326,-3.326686,25.717564,-34.765125,-0.551408
-28.991222,15.048376,8.147761,-2.502047,25.410830,-5.475052,-7.424593,34.914600,-0.625976,-39.138615,2.308488,-33.480736,-1.200085,-41.547642,13.185030,4.675285,2.311628,-10.261858,24.531988,12.842733,-0.813623,35.433586,10.729265,16.075090,8.460323,27.361925,-32.530270,4.453664,32.291824,-33.893936,-4.464550,-9.770769,-15.516039,-2.364454,-9.928689,-13.484278,12.498362,17.184639,-25.530107,-5.162301,-7.766500,-15.700628,-2.781927,-6.703154,-13.451968,-28.293400,16.830824,11.754335,-27.681274,8.409299,8.781406,-25.081244,20.486584,21.133623,-1.756829,-12.832276,-12.065969,-3.048285,-6.536159,-13.633691,-3.567893,-6.624427,-13.897719,-2.594730,-6.754194,-13.383150,-2.502017,-10.090226,-13.434422,-2.682683,-10.265862,-13.399297,-2.206133,-9.772395,-13.515364,-28.501120,18.515320,20.117857,-27.044569,21.283669,19.792162,-25.098145,23.384167,18.447123,-23.136866,25.589741,14.534815,-22.188988,24.569267,12.441141,-21.902779,23.868206,9.050810,-22.200508,23.360874,7.037836,-22.779392,22.327423,4.981932,-22.506639,22.022440,0.778361,-23.038877,19.433029,-0.946672,-24.106310,16.756044,-2.164861,-23.119957,13.528983,0.673970,-23.696278,11.061213,1.091696,-23.889284,9.411879,0.551068,-24.012728,7.329182,1.642048,-24.202925,6.839590,2.297258,-24.805239,5.545104,3.738096,-24.509998,18.807247,14.571230,-24.436481,17.531336,14.026563,-24.164003,16.279190,13.599323,-23.983681,15.264103,12.103330,-23.695881,13.989817,10.990748,-23.246899,15.631119,12.201073,-23.701426,13.281646,10.743544,-24.234089,10.842114,9.892476,-24.533215,7.880869,8.317194,-24.446354,5.940876,7.442207,-27.042625,16.702175,9.641632,-26.461456,17.433348,8.375369,-26.394623,17.529026,5.973514,-25.885244,17.327147,4.472924,-25.900959,21.410439,7.406872,-25.468887,20.516521,6.294621,-25.157787,18.921850,5.766737,-25.698456,17.889610,4.729586,-25.562975,16.348860,5.023724,-25.536493,19.491713,12.048941,-24.490902,19.477928,12.160419,-24.757851,20.398806,12.079374,-26.434570,19.233946,10.955222,-26.964321,19.708153,10.467277,-26.749880,19.095331,11.169169,-25.962358,14.157308,8.735054,-24.735592,12.897573,8.103997,-24.733892,12.003268,8.732637,-25.528492,10.558386,7.826253,-26.173353,12.417055,7.609389,-26.502943,13.052705,7.557253,-25.071789,24.062210,8.787676,-26.542965,22.696749,5.987960,-26.348085,20.690632,5.364892,-26.406845,19.887268,5.109233,-26.663170,18.698067,4.243858,-25.906460,17.899918,4.137150,-25.521252,16.788918,3.741701,-26.698738,18.756395,3.046850,-27.053898,19.228554,4.493739,-28.124981,19.941963,3.923415,-27.527632,21.478554,4.546167,-26.211956,22.626707,6.830121,-25.842350,23.300291,8.314815,-26.675117,21.425604,4.664443,-26.788685,20.111652,3.934063,-26.765442,18.421833,4.073932,-25.873817,17.453123,3.370848,-26.235689,18.783899,5.981378,-26.577969,20.255148,6.075353,-26.018103,21.855789,6.092572,-25.564577,20.142170,11.714131,-25.242434,12.585814,7.932758,34.353504,10.409071,13.346399,29.911596,13.337536,10.083208,24.698877,18.595131,3.804437,24.535528,20.827255,2.746988,25.089352,21.738325,3.258646,25.224234,15.565825,3.623068,24.774590,17.439901,3.940217,25.623554,16.680447,4.229868,25.898046,15.599170,4.261794,28.988689,14.389027,6.414117,28.102955,18.793976,6.544000,26.882782,22.444115,5.844834,25.006060,25.404978,4.180222,31.575874,15.398327,8.937415,30.719313,20.028351,8.097712,29.318417,23.446144,7.553075,27.642899,25.789740,7.056097,33.041080,18.299015,10.460704,31.603083,22.553038,10.113106,30.064249,25.080481,9.536674,28.919779,26.468283,10.183053,-2.649986,-41.802971,20.222483,-1.694255,-44.038403,17.541164,1.293470,-47.473511,11.116772,1.436065,-48.190475,7.724919,-10.970296,-46.096619,18.793421,23.532682,-51.520580,-5.680131,36.448578,-46.064144,-15.524708,30.918713,-43.072361,-11.217182,24.619289,-39.968651,-7.363869,24.571344,-49.489891,-4.313854,33.732113,-44.655502,-10.691941,27.983032,-44.968948,-5.428577,22.928221,-46.141796,-0.772501,22.630526,-46.800209,-2.036247,33.103420,-39.572319,-8.527443,25.726263,-40.239185,-0.592206,17.529018,-41.792690,8.206382,19.632868,-43.380646,-0.148571,29.275555,-37.249321,-6.699089,27.446699,-34.715801,-3.985546,25.128477,-34.029488,-1.253084
-28.223011,14.290178,8.978496,-1.806116,24.754822,-4.641122,-6.672678,34.581287,0.394279,-38.784077,2.861743,-32.870850,-0.803668,-40.674072,12.193889,5.317834,1.912084,-9.675658,24.710098,13.010330,-1.084300,34.140205,10.664217,14.923138,9.225888,26.934704,-31.125763,5.130600,32.103180,-32.551498,-4.507722,-9.830177,-15.378177,-2.399551,-9.990650,-13.346913,13.172481,16.843479,-24.420565,-5.202154,-7.831667,-15.617286,-2.807763,-6.766644,-13.371273,-27.652824,16.070263,12.463351,-26.954384,7.688739,9.391571,-24.522205,19.871920,21.745296,-1.559260,-12.403460,-11.437549,-3.074703,-6.598585,-13.556203,-3.596786,-6.688431,-13.822639,-2.619935,-6.817624,-13.300308,-2.538115,-10.152040,-13.294531,-2.720511,-10.328071,-13.256186,-2.239663,-9.833943,-13.381095,-27.941219,17.883623,20.817869,-26.458296,20.621721,20.589468,-24.477806,22.703781,19.337189,-22.474033,24.899734,15.523286,-21.476408,23.895252,13.490419,-21.143257,23.203981,10.168937,-21.426949,22.658052,8.247733,-21.986822,21.599426,6.237510,-21.695965,21.261415,2.052192,-22.235001,18.673748,0.245322,-23.309341,16.061127,-1.077116,-22.348997,12.873592,1.629880,-22.925528,10.443482,1.974390,-23.140850,8.806467,1.365355,-23.274853,6.756820,2.378567,-23.495960,6.273437,2.980099,-24.127914,4.984425,4.356544,-23.992229,18.074465,15.286816,-23.932316,16.780340,14.729630,-23.649445,15.516572,14.289988,-23.447012,14.491685,12.803453,-23.131788,13.224171,11.698796,-22.680122,14.867558,12.897927,-23.117191,12.547542,11.413678,-23.624155,10.137650,10.536139,-23.884121,7.223240,8.945079,-23.769665,5.317982,8.061522,-26.443300,15.883267,10.495987,-25.846397,16.611435,9.279750,-25.744511,16.723394,6.940500,-25.194702,16.534235,5.484818,-25.209946,20.604147,8.491305,-24.771437,19.704882,7.373986,-24.450945,18.116217,6.825702,-24.982769,17.108036,5.776318,-24.845284,15.565483,6.041982,-24.991035,18.722584,12.865870,-23.954235,18.687986,12.955166,-24.216829,19.576210,12.883117,-25.853163,18.401487,11.781040,-26.391317,18.891783,11.315520,-26.186546,18.309275,12.007086,-25.327408,13.399380,9.532901,-24.107859,12.157310,8.851692,-24.089291,11.278403,9.467953,-24.864927,9.849290,8.557454,-25.510843,11.676090,8.381797,-25.844736,12.302131,8.341206,-24.356380,23.225443,9.987812,-25.824217,21.872976,7.184862,-25.627062,19.877434,6.511210,-25.673328,19.089350,6.249222,-25.922794,17.929996,5.339099,-25.164974,17.130926,5.219585,-24.780653,16.014023,4.794492,-25.938025,17.974854,4.180487,-26.308891,18.434355,5.659674,-27.358753,19.156628,5.133330,-26.766230,20.677238,5.774097,-25.477102,21.806164,8.065430,-25.119228,22.473217,9.497085,-25.931255,20.610086,5.856843,-26.041721,19.314312,5.100676,-26.011530,17.646982,5.207048,-25.126274,16.666725,4.453363,-25.513176,17.995647,7.106894,-25.866167,19.442492,7.239692,-25.305733,21.030346,7.273240,-25.015961,19.341612,12.529677,-24.606384,11.846748,8.685574,33.002029,10.409204,12.010284,28.544510,13.163907,8.732909,23.301140,18.281591,2.374386,23.117079,20.487709,1.299450,23.667528,21.397799,1.768944,23.853243,15.357140,2.233060,23.326742,17.263687,2.462095,24.137499,16.517206,2.717682,24.383169,15.423950,2.728745,27.557850,14.344653,4.980143,26.503641,18.866907,4.917781,25.098370,22.577690,4.004602,23.077478,25.536282,2.160106,30.093000,15.447138,7.461130,29.067463,20.159454,6.467608,27.501596,23.596207,5.744862,25.698830,25.922523,5.092301,31.487404,18.400633,8.901695,29.917936,22.660723,8.465577,28.291487,25.121510,7.842471,27.102915,26.433153,8.491971,-2.062385,-41.026600,19.049622,-0.900081,-43.095085,15.966338,2.056968,-46.327164,9.288302,1.879018,-46.875961,6.032152,-10.456622,-44.633610,17.017065,23.468769,-50.567623,-6.733603,35.923122,-45.199249,-16.477673,30.482317,-42.192268,-12.453725,24.323544,-39.074074,-8.819026,24.257854,-48.665714,-5.121800,33.029186,-43.925133,-11.587564,27.576817,-44.167873,-6.794418,22.845249,-45.308411,-2.523362,22.204306,-46.042118,-2.737755,32.363670,-38.771912,-9.263219,25.174158,-39.340454,-1.474218,17.201782,-40.855335,7.158134,19.140759,-42.646133,-0.777510,28.546881,-36.491493,-7.366835,26.790335,-33.944580,-4.738397,24.523806,-33.262863,-2.043898
-27.307390,13.497098,9.886200,-0.992892,24.073313,-3.712354,-5.790441,34.238979,1.549389,-38.347870,3.448977,-32.265858,-0.340162,-39.781384,11.079293,6.061135,1.521788,-9.037615,24.895267,13.192306,-1.410244,32.684498,10.541924,13.625503,10.096389,26.472921,-29.587954,5.905585,31.913307,-31.077398,-4.564494,-9.906238,-15.219520,-2.446990,-10.069814,-13.189167,13.946643,16.474943,-23.206738,-5.252728,-7.915489,-15.512460,-2.840925,-6.849062,-13.270850,-26.882162,15.275364,13.246253,-26.091179,6.939114,10.053846,-23.847288,19.238739,22.446735,-1.356694,-11.933857,-10.747879,-3.108403,-6.679720,-13.459159,-3.632871,-6.770830,-13.728109,-2.652430,-6.899864,-13.197562,-2.586765,-10.230844,-13.134044,-2.771442,-10.407240,-13.092271,-2.285011,-9.912702,-13.226618,-27.265903,17.234285,21.614283,-25.748425,19.937016,21.495991,-23.726542,21.996964,20.347372,-21.673330,24.179386,16.641960,-20.621122,23.191605,14.669901,-20.236517,22.509081,11.419125,-20.503942,21.921848,9.592702,-21.042755,20.835938,7.625745,-20.731030,20.463940,3.454734,-21.278524,17.878590,1.557860,-22.361155,15.340399,0.118971,-21.429529,12.197623,2.678732,-22.008236,9.808664,2.939189,-22.249701,8.184439,2.254345,-22.397978,6.171642,3.180567,-22.653811,5.693966,3.723913,-23.320505,4.409709,5.031089,-23.360880,17.306732,16.094450,-23.316578,15.992375,15.520401,-23.021858,14.715988,15.063461,-22.794847,13.680343,13.581668,-22.448154,12.421220,12.481622,-21.991896,14.058623,13.665248,-22.411177,11.772863,12.148385,-22.891441,9.397841,11.239160,-23.109928,6.538445,9.627521,-22.965876,4.673633,8.733722,-25.717201,15.018602,11.440452,-25.099836,15.742538,10.278776,-24.957235,15.872809,8.005306,-24.361046,15.698855,6.596633,-24.373228,19.750994,9.690380,-23.927757,18.846140,8.564332,-23.596828,17.265356,7.989184,-24.119339,16.285700,6.925436,-23.980762,14.741531,7.160107,-24.322712,17.913994,13.781058,-23.295763,17.855871,13.845172,-23.552868,18.706577,13.782150,-25.144739,17.522961,12.702015,-25.691511,18.030750,12.262348,-25.497721,17.482281,12.943096,-24.561228,12.600577,10.408866,-23.350452,11.379090,9.670396,-23.314520,10.518143,10.271070,-24.068020,9.107402,9.355156,-24.714239,10.898039,9.225798,-25.053480,11.513777,9.200223,-23.491615,22.338984,11.316443,-24.952639,21.001051,8.509103,-24.753418,19.019066,7.776587,-24.786024,18.247581,7.506747,-25.029289,17.123167,6.546888,-24.271168,16.323195,6.410645,-23.890160,15.197721,5.949184,-25.024818,17.152754,5.426828,-25.412449,17.597178,6.943079,-26.440649,18.329271,6.463535,-25.853310,19.830633,7.127988,-24.591393,20.936514,9.429604,-24.246012,21.597557,10.803866,-25.031630,19.747868,7.173844,-25.138569,18.472820,6.387461,-25.102102,16.832455,6.454137,-24.227854,15.839606,5.641431,-24.642544,17.164541,8.345576,-25.007347,18.582836,8.522056,-24.445076,20.155001,8.576088,-24.343248,18.497427,13.441172,-23.839338,11.070149,9.508965,31.479877,10.361444,10.519905,27.009344,12.922785,7.238374,21.745304,17.874554,0.807535,21.545679,20.043139,-0.281748,22.097958,20.942745,0.145658,22.335615,15.060289,0.704358,21.731480,16.991518,0.835465,22.498318,16.259178,1.043061,22.710995,15.153656,1.023368,25.968279,14.227427,3.388219,24.734533,18.864328,3.101914,23.123051,22.635309,1.931437,20.941494,25.586412,-0.125145,28.441828,15.431045,5.810080,27.235250,20.220808,4.635565,25.485552,23.673967,3.698310,23.540752,25.977318,2.862022,29.753439,18.441507,7.146761,28.045380,22.697239,6.608034,26.326422,25.080942,5.927794,25.092127,26.306938,6.577160,-1.407672,-40.239700,17.744095,-0.045005,-42.119606,14.259336,2.848149,-45.125065,7.348496,2.318728,-45.493908,4.255705,-9.971051,-43.078869,15.191908,23.432642,-49.564533,-7.918278,35.394070,-44.280113,-17.545084,30.042452,-41.253948,-13.816057,24.029259,-38.116039,-10.407474,23.966988,-47.800789,-6.054854,32.301445,-43.162327,-12.590903,27.153791,-43.336964,-8.304497,22.759876,-44.444508,-4.445647,21.794357,-45.250912,-3.560477,31.602388,-37.925964,-10.096439,24.594090,-38.390179,-2.441488,16.844275,-39.862617,6.034297,18.661592,-41.884048,-1.525600,27.807943,-35.694412,-8.142157,26.119173,-33.132183,-5.591735,23.899632,-32.454838,-2.926739
-26.216946,12.657978,10.875911,-0.040984,23.358593,-2.673059,-4.752890,33.888569,2.867029,-37.809898,4.074871,-31.664862,0.217780,-38.864758,9.816339,6.923696,1.135888,-8.340263,25.086189,13.385433,-1.807060,31.033583,10.347191,12.146109,11.103959,25.961388,-27.885582,6.808331,31.719631,-29.441013,-4.632941,-10.005829,-15.039233,-2.504066,-10.172961,-13.010236,14.852335,16.064760,-21.864502,-5.312101,-8.022049,-15.382261,-2.878617,-6.953778,-13.146891,-25.960350,14.437175,14.108274,-25.067371,6.149673,10.769446,-23.041674,18.584288,23.253668,-1.137645,-11.416091,-9.976171,-3.146670,-6.782867,-13.338730,-3.673459,-6.874759,-13.610264,-2.689307,-7.004378,-13.071191,-2.645407,-10.333595,-12.952343,-2.833076,-10.510524,-12.906982,-2.339339,-10.015236,-13.051120,-26.459463,16.564543,22.524788,-24.897083,19.225471,22.531866,-22.824554,21.258383,21.499863,-20.713179,23.421543,17.914762,-19.599552,22.450191,16.003948,-19.157007,21.773994,12.826245,-19.404362,21.142288,11.097660,-19.918491,20.026237,9.169714,-19.581936,19.619040,5.006182,-20.139582,17.035803,3.010374,-21.232277,14.584185,1.439866,-20.333139,11.492434,3.833330,-20.916695,9.148591,3.996169,-21.189600,7.537729,3.226294,-21.357077,5.566500,4.054748,-21.652664,5.094241,4.533775,-22.360622,3.813864,5.766295,-22.600899,16.497440,17.007208,-22.574507,15.160061,16.410486,-22.265671,13.869277,15.929437,-22.010666,12.820935,14.444959,-21.626753,11.571733,13.344749,-21.163399,13.192311,14.505599,-21.564144,10.946126,12.949255,-22.016109,8.611801,12.002555,-22.189800,5.816879,10.365473,-22.013485,3.999235,9.460575,-24.844881,14.096301,12.484679,-24.200674,14.814326,11.382282,-24.009605,14.965089,9.177790,-23.358887,14.809301,7.818503,-23.365553,18.838444,11.017915,-22.912279,17.927517,9.878345,-22.568876,16.356710,9.268126,-23.081131,15.411102,8.187652,-22.942770,13.865309,8.388659,-23.513578,17.057856,14.807657,-22.497839,16.972704,14.842108,-22.748123,17.779409,14.787115,-24.290070,16.587635,13.728852,-24.845743,17.114901,13.319571,-24.664497,16.605406,13.989630,-23.642433,11.749224,11.368684,-22.442057,10.551888,10.563600,-22.388031,9.711688,11.144959,-23.114994,8.322423,10.222517,-23.760822,10.071782,10.145258,-24.106991,10.676506,10.139423,-22.451653,21.389526,12.792480,-23.900112,20.067535,9.978972,-23.698318,18.102907,9.176974,-23.715569,17.349459,8.897573,-23.953403,16.266094,7.882064,-23.196327,15.465352,7.724234,-22.822384,14.327390,7.217685,-23.930962,16.278019,6.800532,-24.336876,16.704617,8.359975,-25.342903,17.447397,7.931037,-24.761663,18.925507,8.626213,-23.528181,20.003826,10.941560,-23.196442,20.660015,12.253066,-23.946859,18.825701,8.632988,-24.049368,17.574453,7.810816,-24.007269,15.966452,7.830146,-23.150803,14.959661,6.947839,-23.597086,16.278164,9.712548,-23.975525,17.662882,9.938344,-23.409943,19.215773,10.017788,-23.528133,17.600073,14.459589,-22.919588,10.245070,10.406505,29.751873,10.252826,8.839542,25.271109,12.599354,5.565664,19.999495,17.354042,-0.927663,19.792368,19.469753,-2.027016,20.355444,20.344870,-1.639747,20.644615,14.653990,-0.993193,19.963299,16.599600,-0.972154,20.678724,15.883292,-0.832516,20.852816,14.765820,-0.897414,24.191488,14.016681,1.604169,22.766497,18.764021,1.054243,20.923569,22.594269,-0.429492,18.561451,25.531271,-2.739549,26.592323,15.329197,3.946176,25.191963,20.189550,2.556967,23.235935,23.655722,1.358526,21.131311,25.929068,0.302532,27.806995,18.400454,5.152598,25.953421,22.638685,4.494278,24.136957,24.932903,3.743844,22.855263,26.062023,4.388565,-0.658842,-39.438541,16.278786,0.897497,-41.101112,12.394254,3.684165,-43.848644,5.277174,2.763407,-44.021866,2.382524,-9.507584,-41.403603,13.311000,23.428017,-48.490757,-9.252923,34.856003,-43.284901,-18.738838,29.596413,-40.233536,-15.320056,23.736403,-37.068176,-12.147081,23.701021,-46.877899,-7.130623,31.538176,-42.352158,-13.712875,26.706400,-42.461021,-9.982583,22.670137,-43.533611,-6.574033,21.403009,-44.412457,-4.523026,30.811079,-37.016392,-11.036446,23.974823,-37.367081,-3.497607,16.444519,-38.790993,4.834919,18.198812,-41.083012,-2.412765,27.055975,-34.842674,-9.040321,25.427906,-32.261105,-6.556260,23.247185,-31.586628,-3.907223
-24.907181,11.753259,11.954519,1.084921,22.595118,-1.500828,-3.518661,33.526848,4.388195,-37.139698,4.748546,-31.063452,0.908539,-37.909649,8.367496,7.935385,0.746548,-7.573750,25.282375,13.584556,-2.299289,29.134323,10.056538,10.429290,12.295919,25.373390,-25.973392,7.884065,31.513647,-27.596096,-4.708896,-10.138374,-14.835279,-2.565560,-10.309298,-12.808208,15.935230,15.589549,-20.360151,-5.376620,-8.156227,-15.219025,-2.915993,-7.084478,-12.991569,-24.852085,13.538717,15.056451,-23.842976,5.302675,11.538980,-22.079016,17.899887,24.187449,-0.884925,-10.837957,-9.089212,-3.184802,-6.911497,-13.186910,-3.713956,-7.003519,-13.460953,-2.725530,-7.134981,-12.913501,-2.708916,-10.469839,-12.747653,-2.900552,-10.647786,-12.698734,-2.397204,-10.150478,-12.852480,-25.494164,15.865605,23.574203,-23.873657,18.476206,23.725754,-21.738525,20.475283,22.826424,-19.557602,22.610874,19.376173,-18.372906,21.654474,17.527668,-17.863047,20.980391,14.426001,-18.084572,20.300072,12.798840,-18.568029,19.149700,10.903099,-18.201168,18.705647,6.736403,-18.770811,16.123806,4.631115,-19.875715,13.774388,2.909553,-19.014519,10.741949,5.111994,-19.606611,8.448398,5.159761,-19.918228,6.852009,4.292858,-20.111599,4.928792,5.010126,-20.453671,4.462243,5.416154,-21.211475,3.184893,6.567729,-21.686003,15.632092,18.043356,-21.680243,14.267886,17.415810,-21.353743,12.960092,16.901073,-21.065874,11.896054,15.402602,-20.636524,10.658492,14.295214,-20.162960,12.247818,15.421819,-20.543615,10.047683,13.817657,-20.964806,7.761143,12.826804,-21.088951,5.042490,11.159364,-20.876709,3.280437,10.243477,-23.793663,13.095043,13.642189,-23.113901,13.804711,12.604057,-22.863478,13.978404,10.471943,-22.146921,13.844421,9.165005,-22.145889,17.843618,12.494067,-21.683517,16.925896,11.334539,-21.324244,15.367682,10.678432,-21.824596,14.463301,9.578536,-21.688295,12.915886,9.742813,-22.533237,16.137411,15.964197,-21.530455,16.020657,15.962352,-21.772280,16.774731,15.912960,-23.256771,15.575343,14.876665,-23.821796,16.124754,14.503908,-23.655054,15.660767,15.164227,-22.535402,10.824856,12.419905,-21.347343,9.656492,11.535573,-21.274021,8.840469,12.093067,-21.968298,7.476756,11.163260,-22.613157,9.178156,11.145061,-22.968500,9.770868,11.165508,-21.194643,20.352610,14.443832,-22.621485,19.048031,11.621213,-22.415607,17.105989,10.735614,-22.415154,16.372244,10.444640,-22.648373,15.337611,9.366197,-21.894560,14.536489,9.180680,-21.533373,13.380459,8.617310,-22.611502,15.328612,8.323077,-23.037849,15.733892,9.933934,-24.020964,16.488117,9.561028,-23.447472,17.937756,10.295966,-22.244474,18.982782,12.629313,-21.928129,19.636135,13.871080,-22.630018,17.819637,10.260043,-22.726568,16.596094,9.394712,-22.679377,15.027292,9.356873,-21.850630,14.004995,8.391316,-22.333920,15.313901,11.229979,-22.728756,16.658516,11.511909,-22.158089,18.187584,11.622905,-22.539644,16.630869,15.600488,-21.811163,9.352490,11.382638,27.761713,10.063063,6.913072,23.273937,12.169527,3.661952,18.012302,16.688395,-2.880438,17.809292,18.731426,-3.984072,18.396952,19.562490,-3.632035,18.735161,14.106535,-2.907371,17.978519,16.053097,-3.012081,18.632284,15.355870,-2.969110,18.759954,14.227574,-3.100369,22.179379,13.682644,-0.426061,20.550058,18.534401,-1.291085,18.444025,22.422087,-3.163047,15.876445,25.335812,-5.781881,24.494085,15.112016,1.809550,22.885710,20.033484,0.162471,20.695271,23.507746,-1.359403,18.408598,25.741434,-2.682924,25.594374,18.247309,2.851420,23.588226,22.451004,2.052419,21.668928,24.640144,1.214604,20.338015,25.658236,1.848347,0.223033,-38.610214,14.612494,1.965069,-40.015656,10.331617,4.588279,-42.462837,3.043595,3.223338,-42.419292,0.392265,-9.057277,-39.558418,11.362506,23.455992,-47.310467,-10.763911,34.297028,-42.176781,-20.076281,29.137320,-39.091396,-16.990355,23.443350,-35.887321,-14.066858,23.459265,-45.866413,-8.374057,30.721422,-41.467819,-14.970488,26.222933,-41.512539,-11.865581,22.573273,-42.546494,-8.961722,21.030270,-43.500874,-5.652216,29.975601,-36.011730,-12.098136,23.300346,-36.235157,-4.650426,15.986680,-37.601501,3.556553,17.754702,-40.221203,-3.468116,26.284847,-33.909096,-10.084626,24.707890,-31.301504,-7.649706,22.553654,-30.626846,-4.996570
-23.337608,10.766971,13.118937,2.417021,21.766001,-0.182990,-2.048894,33.146484,6.145426,-36.307907,5.482415,-30.453579,1.764114,-36.891403,6.698281,9.123820,0.346502,-6.733921,25.484318,13.781787,-2.911625,26.936800,9.642099,8.419687,13.712160,24.676641,-23.818991,9.173800,31.280319,-25.504547,-4.787610,-10.311481,-14.604463,-2.625582,-10.486203,-12.579668,17.234829,15.022568,-18.670845,-5.442719,-8.320954,-15.013188,-2.948607,-7.242799,-12.794360,-23.524847,12.565588,16.089640,-22.380516,4.385511,12.354580,-20.934999,17.176050,25.260778,-0.580610,-10.188523,-8.054765,-3.218578,-7.067094,-12.993042,-3.750304,-7.158406,-13.269371,-2.756446,-7.293498,-12.714098,-2.771503,-10.647282,-12.516801,-2.968252,-10.827041,-12.464527,-2.452576,-10.325497,-12.627043,-24.344526,15.128123,24.779593,-22.650377,17.677862,25.097586,-20.438719,19.634405,24.349226,-18.174969,21.731701,21.050161,-16.906988,20.787878,19.265219,-16.317854,20.110178,16.242355,-16.505947,19.375910,14.720328,-16.950628,18.185545,12.847326,-16.546556,17.702318,8.662954,-17.129810,15.121677,6.436136,-18.249105,12.893731,4.541300,-17.432627,9.931309,6.523084,-18.037636,7.694816,6.435312,-18.397039,6.115080,5.457172,-18.624355,4.248582,6.047929,-19.021080,3.789034,6.370102,-19.839066,2.514323,7.434019,-20.591835,14.697254,19.213129,-20.609556,13.301880,18.544317,-20.260584,11.974258,17.983606,-19.933439,10.891170,16.455986,-19.448252,9.667727,15.332406,-18.960737,11.208748,16.408855,-19.319002,9.062463,14.747476,-19.706121,6.832165,13.705000,-19.774729,4.203952,12.002435,-19.522127,2.507519,11.076817,-22.533167,11.996766,14.917050,-21.807238,12.694908,13.948116,-21.483995,12.894122,11.891747,-20.687656,12.786148,10.640365,-20.677660,16.745779,14.127798,-20.204367,15.820588,12.940379,-19.824530,14.278477,12.225045,-20.310564,13.424038,11.103039,-20.178461,11.875406,11.226974,-21.353952,15.137276,17.260370,-20.366108,14.983758,17.213539,-20.597462,15.674997,17.165825,-22.015112,14.468554,16.151257,-22.590189,15.043040,15.822805,-22.440283,14.632200,16.475502,-21.207100,9.810912,13.561129,-20.033396,8.677843,12.582147,-19.939175,7.890162,13.110598,-20.593023,6.557141,12.172712,-21.236570,8.202177,12.221346,-21.603960,8.781365,12.276305,-19.683687,19.204866,16.285917,-21.076738,17.919798,13.450169,-20.864122,16.007402,12.463786,-20.842945,15.295207,12.158787,-21.072186,14.318343,11.009311,-20.324646,13.517516,10.788937,-19.983381,12.336683,10.154202,-21.026106,14.283945,10.004531,-21.475651,14.663652,11.676871,-22.434919,15.429849,11.367138,-21.871704,16.844574,12.152434,-20.702177,17.849316,14.508505,-20.403553,18.502588,15.672039,-21.039398,16.707537,12.068484,-21.127703,15.516407,11.151050,-21.075598,13.995090,11.044590,-20.287207,12.955864,9.979316,-20.814396,14.250967,12.908772,-21.229538,15.547347,13.254530,-20.651909,17.047283,13.404113,-21.349470,15.573146,16.870604,-20.480631,8.377491,12.433386,25.457199,9.766117,4.682786,20.967186,11.602961,1.475734,15.738194,15.841043,-5.095805,15.553157,17.789709,-6.195405,16.182419,18.554384,-5.869876,16.565262,13.384414,-5.084134,15.736312,15.316339,-5.332369,16.315678,14.642060,-5.422049,16.387064,13.504456,-5.646494,19.886642,13.193770,-2.756357,18.038723,18.141167,-3.998162,15.633365,22.079870,-6.350547,12.832736,24.955292,-9.345545,22.099468,14.747783,-0.660344,20.267645,19.717405,-2.616267,17.811161,23.189812,-4.537270,15.318156,25.368521,-6.185975,23.065268,17.948660,0.174360,20.899967,22.096441,-0.788653,18.873558,24.160419,-1.732947,17.492735,25.049482,-1.116673,1.271868,-37.731033,12.706849,3.185919,-38.828808,8.037888,5.575159,-40.924889,0.623350,3.706783,-40.640259,-1.732688,-8.605546,-37.491428,9.334455,23.512323,-45.982555,-12.473851,33.706646,-40.914387,-21.576254,28.661549,-37.784134,-18.853546,23.152405,-34.527691,-16.197384,23.239731,-44.729939,-9.809043,29.840134,-40.476280,-16.384764,25.699444,-40.459442,-13.992472,22.472792,-41.450745,-11.660891,20.677595,-42.484131,-6.975098,29.089762,-34.875126,-13.301040,22.566427,-34.954323,-5.915206,15.468402,-36.252697,2.187243,17.334698,-39.270782,-4.721546,25.494585,-32.861671,-11.301228,23.958170,-30.219704,-8.894527,21.815393,-29.540926,-6.212520
-21.542580,9.724289,14.338173,3.925658,20.882668,1.249210,-0.374809,32.747765,8.104979,-35.325603,6.280139,-29.832521,2.761524,-35.797001,4.823293,10.465978,-0.058985,-5.834894,25.690176,13.970338,-3.634889,24.474569,9.095305,6.134077,15.317824,23.868189,-21.469948,10.650412,31.011921,-23.202679,-4.873349,-10.518519,-14.342260,-2.688567,-10.697308,-12.319366,18.723040,14.362039,-16.832823,-5.515917,-8.512117,-14.763113,-2.982586,-7.425402,-12.552608,-22.008072,11.540604,17.183359,-20.709135,3.424803,13.193225,-19.635387,16.425001,26.449570,-0.227365,-9.478143,-6.890317,-3.254142,-7.246395,-12.754627,-3.788770,-7.336287,-13.033245,-2.788213,-7.476528,-12.470303,-2.837493,-10.859400,-12.254523,-3.040309,-11.041590,-12.199017,-2.510095,-10.534068,-12.369682,-23.037437,14.365390,26.117046,-21.256386,16.844893,26.618776,-18.956442,18.750605,26.035582,-16.599049,20.799719,22.900036,-15.236892,19.866932,21.178345,-14.557862,19.180965,18.234297,-14.705208,18.387510,16.818836,-15.103313,17.151806,14.957726,-14.655553,16.626806,10.740404,-15.252599,14.049032,8.381608,-16.387762,11.960304,6.296375,-15.621243,9.078161,8.032337,-16.242800,6.905129,7.792006,-16.657774,5.344713,6.691436,-16.926039,3.543825,7.143824,-17.384594,3.093220,7.374168,-18.271524,1.821455,8.345941,-19.343229,13.712996,20.492142,-19.386250,12.283476,19.772434,-19.010111,10.934729,19.154100,-18.637672,9.830734,17.582880,-18.087318,8.624649,16.434509,-17.581890,10.102904,17.444267,-17.915621,8.017360,15.717573,-18.265608,5.850764,14.616890,-18.273666,3.325559,12.875483,-17.976871,1.703654,11.941898,-21.090014,10.827777,16.278980,-20.308935,11.511709,15.382170,-19.901829,11.738602,13.403639,-19.013943,11.660336,12.209778,-18.995407,15.569556,15.880005,-18.509098,14.636950,14.657178,-18.104095,13.114924,13.870301,-18.573467,12.318140,12.724831,-18.446581,10.769415,12.805270,-20.002972,14.079373,18.668081,-19.031462,13.885280,18.568363,-19.250381,14.505226,18.517214,-20.592674,13.292478,17.522797,-21.178883,13.894034,17.246307,-21.048103,13.542631,17.894825,-19.685221,8.734077,14.765365,-18.527502,7.642257,13.678910,-18.410967,6.886514,14.173364,-19.017305,5.588980,13.226561,-19.659382,7.169846,13.347998,-20.041515,7.734059,13.444996,-17.954744,17.969194,18.273300,-19.303041,16.706812,15.420876,-19.080656,14.831515,14.318811,-19.035799,14.142209,13.997247,-19.261040,13.230993,12.770759,-18.521763,12.430965,12.509237,-18.205753,11.220015,11.789832,-19.209459,13.165903,11.803968,-19.684311,13.516465,13.547133,-20.619633,14.294706,13.307028,-20.069605,15.668686,14.151519,-18.936865,16.626833,16.533873,-18.658543,17.282303,17.611389,-19.212309,15.513391,14.013474,-19.289747,14.358919,13.036502,-19.232216,12.892774,12.852183,-18.494514,11.835858,11.672625,-19.071819,13.112866,14.708789,-19.511429,14.353184,15.124501,-18.925812,15.819621,15.318410,-19.985014,14.450640,18.241926,-18.955580,7.346155,13.534153,22.874399,9.348043,2.160669,18.389349,10.888285,-0.973796,13.217064,14.806961,-7.545980,13.060991,16.646446,-8.629978,13.744356,17.329697,-8.319652,14.168128,12.487878,-7.501592,13.270305,14.391831,-7.905322,13.764131,13.742786,-8.157918,13.771055,12.595901,-8.497961,17.347265,12.546589,-5.368420,15.270076,17.576178,-7.040274,12.538637,21.547396,-9.954797,9.488001,24.359905,-13.383055,19.444128,14.230000,-3.446178,17.376846,19.231184,-5.754070,14.632528,22.681154,-8.138762,11.919344,24.780905,-10.159663,20.259068,17.493351,-2.859932,17.931847,21.562664,-4.002742,15.800114,23.479113,-5.064035,14.373871,24.220282,-4.465035,2.466531,-36.786034,10.577428,4.527815,-37.529900,5.537127,6.621237,-39.234585,-1.961611,4.215848,-38.691593,-3.984776,-8.128892,-35.219990,7.226096,23.592714,-44.508583,-14.375150,33.104568,-39.498775,-23.247988,28.191065,-36.315178,-20.914711,22.884449,-32.996342,-18.538229,23.049625,-43.466427,-11.435231,28.926899,-39.372505,-17.968525,25.166258,-39.301937,-16.364059,22.391310,-40.251293,-14.659182,20.358431,-41.358154,-8.493324,28.185949,-33.604103,-14.657838,21.813017,-33.526550,-7.310085,14.932584,-34.750820,0.707389,16.955015,-38.226936,-6.174150,24.710335,-31.698364,-12.695215,23.206213,-29.016085,-10.298862,21.063093,-28.330225,-7.566574
-19.661880,8.701013,15.556726,5.495412,20.000631,2.717967,1.375807,32.352680,10.151793,-34.257751,7.129945,-29.206680,3.811311,-34.640450,2.830471,11.865049,-0.450014,-4.909819,25.891119,14.142639,-4.413227,21.898182,8.439542,3.698242,16.987253,22.997437,-19.065752,12.198431,30.723387,-20.820732,-4.982461,-10.735757,-14.045053,-2.772892,-10.919781,-12.022552,20.287716,13.647151,-14.949224,-5.613379,-8.717809,-14.480637,-3.037309,-7.623838,-12.277735,-20.420729,10.533764,18.291632,-18.954649,2.491004,14.022896,-18.280048,15.691018,27.690468,0.143687,-8.747535,-5.682735,-3.310722,-7.441411,-12.483773,-3.848483,-7.529597,-12.765257,-2.840575,-7.675292,-12.193069,-2.924880,-11.082600,-11.955511,-3.133955,-11.267072,-11.896452,-2.588775,-10.754164,-12.076169,-21.676664,13.623658,27.517004,-19.802414,16.029413,28.205872,-17.409067,17.879923,27.790262,-14.954315,19.876259,24.819778,-13.493372,18.955507,23.157520,-12.719842,18.260740,20.287203,-12.821588,17.405756,18.974052,-13.168591,16.122784,17.114336,-12.673093,15.554252,12.851089,-13.282083,12.982121,10.356678,-14.433947,11.040609,8.077826,-13.718422,8.243202,9.558770,-14.358142,6.135733,9.159847,-14.831857,4.595819,7.935040,-15.144188,2.865226,8.247544,-15.667503,2.424633,8.386424,-16.626703,1.156088,9.267826,-18.038740,12.744886,21.818571,-18.106882,11.281295,21.042995,-17.701172,9.912416,20.360485,-17.280533,8.788178,18.737278,-16.660852,7.602059,17.559078,-16.133577,9.011366,18.489889,-16.442032,6.988619,16.694046,-16.753624,4.888184,15.531639,-16.699482,2.471035,13.749846,-16.357031,0.927599,12.810143,-19.574650,9.670694,17.661686,-18.734983,10.340132,16.835352,-18.241285,10.595761,14.933787,-17.257912,10.549211,13.796370,-17.232342,14.400157,17.658558,-16.731285,13.461257,16.395487,-16.298529,11.962461,15.530522,-16.750261,11.226708,14.362594,-16.627506,9.679202,14.398859,-18.587751,13.036223,20.118000,-17.632578,12.800828,19.961693,-17.837513,13.346398,19.901672,-19.100653,12.128206,18.923967,-19.699232,12.756988,18.704191,-19.589100,12.467304,19.353033,-18.085995,7.673883,15.980553,-16.944901,6.625649,14.782687,-16.805435,5.902663,15.239520,-17.360743,4.642951,14.282985,-18.001432,6.156418,14.478028,-18.399893,6.705492,14.621247,-16.143257,16.732712,20.292040,-17.442616,15.496647,17.422272,-17.208422,13.663458,16.198364,-17.138107,12.997112,15.858260,-17.358438,12.155001,14.553954,-16.626587,11.355746,14.248269,-16.335527,10.113727,13.437624,-17.299477,12.055043,13.623961,-17.799416,12.375580,15.442899,-18.712723,13.165197,15.275035,-18.178205,14.495639,16.181946,-17.084745,15.404409,18.591208,-16.829266,16.062256,19.578825,-17.293549,14.323849,15.985384,-17.357944,13.208135,14.946691,-17.293859,11.801464,14.681607,-16.609474,10.727033,13.381249,-17.239637,11.983105,16.532742,-17.706438,13.162995,17.020119,-17.113417,14.594179,17.260025,-18.554741,13.340788,19.648754,-17.352457,6.333737,14.640977,20.172737,8.819454,-0.529315,15.700714,10.050270,-3.559357,10.603715,13.633901,-10.097792,10.479309,15.363979,-11.153104,11.217109,15.966492,-10.847856,11.683848,11.466425,-10.035238,10.720365,13.336717,-10.592058,11.124408,12.711740,-11.017035,11.064698,11.553109,-11.478944,14.709304,11.778673,-8.131487,12.402835,16.872719,-10.253189,9.345612,20.843805,-13.762791,6.053560,23.562017,-17.641518,16.683905,13.590109,-6.408627,14.379538,18.605043,-9.083107,11.351111,22.001701,-11.952255,8.427739,23.993313,-14.355263,17.343441,16.907135,-6.096567,14.859506,20.880896,-7.416401,12.634893,22.631491,-8.585125,11.175832,23.211218,-7.990210,3.716146,-35.782970,8.320885,5.887342,-36.152264,2.938531,7.658648,-37.457264,-4.616961,4.738972,-36.655991,-6.304914,-7.607752,-32.854679,5.071457,23.688520,-42.952118,-16.403740,32.536633,-37.992874,-25.062950,27.767838,-34.754097,-23.124931,22.671516,-31.372501,-21.022959,22.900520,-42.124836,-13.202644,28.054070,-38.195412,-19.696756,24.679745,-38.087383,-18.903126,22.359381,-39.004848,-17.834230,20.093374,-40.161091,-10.158196,27.330631,-32.248016,-16.147272,21.114717,-32.013954,-8.825406,14.454681,-33.166878,-0.877574,16.638552,-37.120403,-7.774386,23.979382,-30.461922,-14.224542,22.502941,-27.739943,-11.827816,20.355415,-27.046801,-9.033640
