# format_version: 1
# fps: 60.0
# units: degrees
# euler_order: XYZ
# neutral_frame_index: 0
# columns: 137 joints × [X,Y,Z] in canonical order defined by joint_map.entries
0.000000,0.000000,0.000000,0.000000,-0.000000,0.000000,0.000000,0.000000,0.000000,0.000000,0.000000,0.000000,0.000000,0.000000,0.000000,0.000000,0.000000,0.000000,0.000000,0.000000,0.000000,0.000000,0.000000,0.000000,0.000000,0.000000,0.000000,0.000000,-0.000000,0.000000,0.000000,-0.000000,0.000000,-0.000000,0.000000,-0.000000,0.000000,0.000000,0.000000,0.000000,0.000000,0.000000,0.000000,-0.000000,0.000000,0.000000,-0.000000,0.000000,0.000000,0.000000,0.000000,0.000000,-0.000000,0.000000,0.000000,0.000000,0.000000,0.000000,-0.000000,0.000000,0.000000,0.000000,0.000000,0.000000,-0.000000,0.000000,-0.000000,0.000000,-0.000000,0.000000,0.000000,0.000000,-0.000000,-0.000000,0.000000,-0.000000,0.000000,-0.000000,0.000000,-0.000000,0.000000,-0.000000,0.000000,-0.000000,0.000000,0.000000,0.000000,0.000000,-0.000000,0.000000,0.000000,0.000000,0.000000,0.000000,-0.000000,0.000000,0.000000,-0.000000,0.000000,0.000000,-0.000000,0.000000,0.000000,0.000000,0.000000,0.000000,-0.000000,0.000000,0.000000,0.000000,0.000000,-0.000000,-0.000000,0.000000,0.000000,-0.000000,0.000000,0.000000,0.000000,0.000000,0.000000,0.000000,0.000000,0.000000,0.000000,0.000000,0.000000,-0.000000,0.000000,0.000000,0.000000,0.000000,0.000000,-0.000000,0.000000,0.000000,-0.000000,0.000000,0.000000,0.000000,0.000000,0.000000,-0.000000,0.000000,0.000000,-0.000000,0.000000,0.000000,-0.000000,0.000000,0.000000,-0.000000,0.000000,0.000000,0.000000,0.000000,0.000000,0.000000,0.000000,0.000000,0.000000,0.000000,0.000000,0.000000,0.000000,0.000000,-0.000000,0.000000,0.000000,0.000000,0.000000,0.000000,0.000000,0.000000,0.000000,-0.000000,0.000000,0.000000,-0.000000,0.000000,0.000000,0.000000,0.000000,0.000000,0.000000,0.000000,0.000000,0.000000,0.000000,0.000000,0.000000,0.000000,0.000000,-0.000000,0.000000,0.000000,0.000000,0.000000,0.000000,-0.000000,0.000000,0.000000,-0.000000,0.000000,0.000000,0.000000,0.000000,0.000000,0.000000,0.000000,0.000000,0.000000,0.000000,0.000000,0.000000,0.000000,0.000000,0.000000,0.000000,0.000000,0.000000,0.000000,0.000000,0.000000,0.000000,0.000000,0.000000,0.000000,0.000000,0.000000,0.000000,0.000000,-0.000000,0.000000,0.000000,-0.000000,0.000000,0.000000,-0.000000,0.000000,0.000000,0.000000,0.000000,0.000000,-0.000000,0.000000,0.000000,-0.000000,0.000000,0.000000,-0.000000,0.000000,0.000000,0.000000,0.000000,0.000000,-0.000000,0.000000,0.000000,0.000000,0.000000,0.000000,0.000000,0.000000,0.000000,0.000000,0.000000,0.000000,-0.000000,0.000000,0.000000,-0.000000,0.000000,0.000000,-0.000000,0.000000,0.000000,-0.000000,0.000000,0.000000,0.000000,0.000000,0.000000,-0.000000,0.000000,0.000000,0.000000,0.000000,0.000000,-0.000000,0.000000,0.000000,0.000000,0.000000,0.000000,0.000000,0.000000,0.000000,0.000000,0.000000,0.000000,0.000000,0.000000,0.000000,0.000000,0.000000,0.000000,0.000000,0.000000,0.000000,0.000000,0.000000,0.000000,0.000000,0.000000,0.000000,0.000000,0.000000,0.000000,0.000000,0.000000,0.000000,0.000000,0.000000,0.000000,0.000000,0.000000,0.000000,-0.000000,0.000000,0.000000,0.000000,0.000000,0.000000,0.000000,0.000000,0.000000,0.000000,0.000000,0.000000,0.000000,0.000000,0.000000,0.000000,0.000000,0.000000,0.000000,0.000000,0.000000,-0.000000,0.000000,0.000000,0.000000,0.000000,0.000000,-0.000000,0.000000,0.000000,0.000000,0.000000,0.000000,0.000000,0.000000,0.000000,0.000000,0.000000,0.000000,0.000000,0.000000,0.000000,-0.000000,0.000000,0.000000,0.000000,0.000000,0.000000,0.000000,0.000000,0.000000,0.000000,0.000000,0.000000,-0.000000,0.000000,0.000000,0.000000,0.000000,0.000000,-0.000000,0.000000,0.000000,0.000000,0.000000,0.000000,0.000000,0.000000,0.000000,0.000000,0.000000,0.000000,0.000000,0.000000,0.000000,-0.000000,0.000000,0.000000,-0.000000,0.000000,0.000000,0.000000,0.000000
-2.720696,10.479362,4.911474,-0.495286,13.081687,1.179221,-2.289699,9.461974,0.529392,-3.734984,-4.665068,-0.611516,8.404154,-9.695993,-13.831079,0.570821,14.953777,2.297684,2.888838,13.555383,-5.431745,-11.592522,3.589516,-18.133610,-5.485522,8.955069,-1.745607,-6.271170,8.363080,-0.709422,-2.561068,2.017500,-0.089774,-2.609601,1.582544,0.583741,-4.694248,9.490314,-1.328819,-1.921039,2.433218,0.849970,-1.890129,2.089899,1.723074,-3.864832,9.216983,4.814022,-1.249725,8.418769,6.523255,-4.738473,8.229706,4.248203,6.071402,-2.537130,0.808489,-1.882546,2.079396,1.897633,-1.872131,2.105377,2.058256,-1.910554,2.039333,1.628905,-2.644919,1.516457,0.567323,-2.687343,1.516146,0.509497,-2.567742,1.583756,0.651066,-4.685405,8.499139,6.920606,-4.409511,9.594278,7.903568,-3.623439,10.542469,9.121706,-2.849384,11.354114,9.878298,-0.229874,12.348906,12.002945,2.018322,12.536363,13.566844,3.154871,12.014323,13.791595,3.737671,11.806252,13.520519,2.798312,11.158117,12.556175,2.604642,10.538439,12.402804,1.588475,10.519193,12.172290,0.564611,10.440929,13.975579,0.232603,10.350417,15.060295,-0.081452,9.695495,14.524025,-0.428921,8.902501,13.159125,-0.518676,7.870025,11.303609,-0.791041,6.995254,9.817792,-4.733719,9.198735,5.042769,-4.494466,9.415989,5.188249,-4.549197,9.467330,4.611873,-4.491510,9.429049,4.471129,-4.191637,9.153250,4.222442,-2.882017,9.142883,4.901954,-2.888046,8.839225,4.801323,-2.751292,8.422531,5.081287,-2.519504,7.839090,5.282067,-1.701788,7.318916,6.448469,-2.517077,8.899604,6.553224,-2.141337,9.634073,7.302470,-1.882653,10.437733,8.000078,-1.883253,11.171474,7.907966,-1.465696,11.114229,9.434843,-1.252620,11.122348,9.457113,-0.922113,11.231392,9.981790,-0.925736,10.984533,9.997776,-0.889201,10.798770,10.281194,-3.959492,9.504164,5.918220,-3.853973,9.418405,5.926699,-3.940445,9.173733,5.850389,-3.726127,8.688745,5.731318,-3.702426,8.960749,5.913139,-3.602439,9.274921,6.215081,-1.664231,8.501069,7.411243,-1.996601,8.343000,6.527187,-1.961807,8.102544,6.607152,-1.800599,8.092061,6.242217,-1.891817,8.106574,6.585495,-1.687033,8.250817,6.959508,0.278986,11.685205,12.441294,-0.696985,11.791062,10.916017,-0.864043,11.801952,11.274486,-0.005255,11.461992,11.682707,0.199030,11.403687,12.210145,0.785835,11.066340,13.183442,1.752510,10.039543,14.246471,1.653700,10.069929,13.423153,1.448131,10.010913,12.894432,1.116035,10.512178,12.129004,0.549779,10.733052,12.078075,0.483402,11.123538,12.656389,0.566778,11.519235,12.476374,-0.122368,10.987551,11.352274,0.464486,10.745849,11.544990,1.180963,10.776205,12.880358,1.271216,10.415482,13.065367,0.986142,11.066031,13.149961,0.656106,11.104091,12.452478,0.262530,11.501561,12.685283,-3.877488,9.230321,5.969566,-1.798138,8.277966,6.668766,-13.265282,4.421545,-19.060680,-15.349094,3.046237,-17.693495,-17.837891,1.097781,-16.062958,-20.176437,0.832098,-16.969173,-21.074896,-0.157928,-16.693527,-15.275700,2.342704,-17.283695,-16.338779,2.104382,-17.046417,-17.116539,2.421142,-16.910791,-17.638924,2.824909,-16.667850,-14.290882,3.735269,-17.794985,-15.289595,3.377933,-17.377676,-14.788082,3.204071,-16.402073,-13.989979,2.940987,-15.552922,-13.480337,4.691076,-18.497637,-14.285139,4.289605,-17.938723,-13.744958,3.859896,-16.746813,-13.081855,3.284445,-15.756413,-12.522460,5.487409,-19.141497,-13.324893,5.158512,-18.854168,-13.097277,4.761109,-18.130560,-12.754725,4.443708,-17.346689,8.245047,-9.501211,-13.868766,11.780709,-9.895812,-15.901020,16.730356,-10.482639,-18.260958,18.270109,-12.597352,-18.737570,17.412491,-14.291831,-17.428192,11.950087,-13.056919,-21.333790,13.388504,-12.320666,-22.251858,15.231588,-10.416416,-22.026594,16.426012,-8.127578,-19.777679,9.718492,-12.123493,-21.277121,12.441442,-10.387186,-21.539261,12.149004,-11.551765,-17.920095,10.854927,-12.660007,-14.524920,7.830773,-11.231997,-20.149406,10.969028,-9.980383,-22.219944,12.617283,-12.603955,-21.688093,13.402081,-15.117324,-20.809347,6.577902,-10.446754,-19.727901,8.416003,-10.541861,-22.317255,9.049273,-13.091353,-22.202805,9.386593,-16.043180,-21.772440
-7.451280,19.456799,5.033837,-3.080148,20.405716,-3.117004,-1.854713,16.196512,-0.846684,4.530093,-8.674019,-19.582230,19.370594,-18.810389,-30.765919,-4.537207,22.734831,-3.743235,-1.127656,17.858706,-14.689874,-12.494448,5.551833,-23.247913,-6.704251,10.567706,-5.162466,-6.807290,10.314425,-5.090416,-3.812856,-0.180428,1.710507,-3.943128,-0.828047,2.517113,-6.330741,10.895246,-3.722135,-3.176204,0.441903,2.876197,-3.193858,0.024168,3.721207,-8.524778,17.953148,5.686370,-5.375979,17.956064,6.970065,-9.450857,16.510172,3.923138,6.834745,-4.648534,5.261232,-3.153814,0.021437,3.822496,-3.103775,0.042491,3.885635,-3.228600,-0.057491,3.658021,-3.966906,-0.916700,2.447049,-4.010288,-0.914328,2.341679,-3.901058,-0.827670,2.627413,-8.171579,17.360044,9.230367,-7.680421,18.407919,9.984712,-6.512091,19.237141,10.802222,-5.385893,19.938009,11.527238,-1.590556,20.561110,14.105644,0.805917,20.136133,16.438866,1.122453,18.916775,16.197716,0.788943,17.678627,15.809304,-1.132902,17.176004,15.376668,-2.087210,17.169729,12.795432,-4.575329,17.572010,11.452336,-6.098805,18.590689,13.985722,-6.136806,19.356344,15.721445,-6.006857,19.086754,16.543793,-6.141214,18.398117,15.162234,-5.881920,17.056547,13.386783,-6.179481,16.032560,10.891644,-8.218612,18.326735,9.243398,-8.036591,18.662191,9.267510,-8.384705,18.735901,8.031008,-8.631940,18.783253,7.363475,-8.668245,18.375237,6.454756,-7.498152,18.422882,6.650318,-7.554721,18.026060,6.593593,-7.397336,17.490786,6.951726,-7.374234,16.774813,6.856085,-6.363137,16.323545,8.018239,-6.524968,18.094189,8.851057,-5.919899,18.852829,10.052532,-5.676651,19.483068,10.715165,-5.936707,20.081659,10.381913,-5.401790,19.485559,12.319259,-5.082743,19.701618,12.702891,-4.519641,19.834627,13.609034,-5.175882,19.554270,12.987545,-4.959138,19.596428,13.193205,-7.693315,18.461164,9.380457,-7.658676,18.310339,9.142921,-8.208158,17.992952,8.439335,-8.227743,17.506260,8.032400,-8.024607,17.864233,8.391498,-7.593578,18.190567,9.163196,-5.864171,17.589798,9.735827,-6.507375,17.299885,8.443582,-6.572158,17.161039,8.331127,-6.481134,17.202713,8.026579,-6.485357,17.195486,8.595490,-6.058676,17.320305,9.132647,-3.862069,19.087717,16.250978,-5.055664,19.153471,14.251908,-4.938807,19.259914,14.792238,-3.621921,19.325050,15.415223,-2.927024,19.428604,16.767666,-1.702226,19.319746,18.887127,-0.191793,18.621502,20.736242,-0.639861,17.961288,19.227634,-1.256781,17.394743,18.260532,-2.243202,17.617151,16.054548,-3.399446,17.706623,15.764353,-3.503049,18.310659,16.495298,-3.641342,19.046087,16.124668,-4.325242,17.758177,14.795717,-3.066978,17.638760,15.414914,-1.172528,18.190752,18.225714,-0.638827,18.774975,19.546618,-1.554337,19.322222,18.458506,-2.803379,19.550730,16.852575,-3.774722,19.689701,16.360132,-7.989593,18.036242,8.911785,-6.286382,17.359968,8.585768,-14.287416,5.605368,-24.102856,-17.310583,3.963477,-23.120808,-19.772493,1.526875,-21.100019,-20.918652,1.206159,-20.724945,-20.543180,0.311864,-19.342941,-15.849697,2.191592,-20.277485,-17.278587,2.620216,-19.844357,-17.797379,3.447172,-19.391136,-17.896971,4.035676,-18.585318,-14.111027,3.519263,-19.808441,-15.530174,3.883247,-19.365793,-14.842966,4.161103,-18.327003,-13.930031,4.169712,-17.557213,-12.958831,4.632920,-20.191612,-14.046871,4.584787,-19.617964,-13.542972,4.371006,-18.748404,-12.762893,3.879535,-17.857464,-11.964394,5.767480,-20.827850,-13.029446,5.575774,-20.791700,-13.048412,5.208559,-20.364927,-12.737790,4.825552,-19.588173,18.950127,-18.899288,-30.848349,22.318737,-18.315145,-30.217827,24.981335,-18.506695,-29.973387,23.051855,-21.281584,-27.977377,18.451143,-23.475056,-24.424843,19.158667,-23.178482,-33.242676,17.766048,-21.721558,-30.689852,19.658487,-19.596586,-30.781384,21.070999,-16.935036,-30.118731,17.007559,-23.005573,-34.366364,17.781693,-19.780787,-30.302145,16.741230,-21.744738,-26.414593,15.055719,-23.496994,-24.111385,15.483330,-22.593815,-34.643932,17.946415,-19.977171,-34.003670,21.417664,-23.712185,-34.685898,24.507151,-27.244928,-35.875744,14.702301,-21.986105,-35.882591,16.204405,-21.344559,-37.023914,17.796541,-24.500710,-37.807568,19.705090,-28.245245,-39.068398
-11.974657,22.209383,2.384275,-5.000357,21.560419,-3.840770,-2.375912,17.171000,-0.941531,7.733909,-8.817497,-28.529589,25.173941,-19.607655,-38.812115,-7.117333,24.664345,-4.739450,-3.904201,18.089201,-21.138401,-15.953078,3.589532,-28.867872,-7.800062,10.670177,-5.454593,-7.576752,10.620775,-5.682827,-3.724924,-0.194320,2.529989,-3.847799,-0.914936,3.418881,-7.409051,10.992904,-4.057372,-3.029947,0.454746,3.120412,-3.095203,-0.104476,3.952713,-12.654554,20.342033,2.952578,-9.338436,20.777357,4.377070,-13.297385,17.830153,0.195706,5.493396,-4.425394,7.138978,-3.041770,-0.107696,3.998821,-2.973858,-0.100205,4.001667,-3.134050,-0.189319,3.926782,-3.869742,-1.003268,3.352651,-3.918481,-1.000148,3.254174,-3.800716,-0.915967,3.518782,-11.617435,19.550255,6.165687,-11.242028,20.616049,6.860698,-10.142983,21.521791,7.709388,-9.156666,22.246765,8.317218,-5.193382,23.145065,11.202485,-2.789376,22.869888,14.031279,-2.530214,21.690689,14.286608,-3.041003,20.480181,14.226677,-4.956761,20.003721,14.892378,-6.086112,19.927362,11.838928,-8.754394,20.360224,10.435033,-10.021390,21.483997,13.288416,-9.861558,22.579208,15.019773,-9.544988,22.361755,15.757227,-9.550053,21.608231,13.999717,-9.108098,20.111448,12.117664,-9.329393,18.887022,9.533355,-11.681295,21.034018,6.894675,-11.517358,21.521770,6.954482,-12.023507,21.651222,5.565333,-12.481270,21.797531,4.725340,-12.604156,21.245983,3.763159,-11.215720,21.471069,4.236358,-11.293353,21.011379,4.089500,-11.099690,20.451178,4.555938,-11.099337,19.610630,4.306468,-9.858388,19.177387,5.646252,-10.271668,21.303471,6.580963,-9.709144,22.152763,7.845602,-9.597310,22.831888,8.609878,-9.947643,23.358017,8.484509,-9.399941,22.635220,10.297870,-8.992132,22.947605,11.153767,-8.347065,23.158779,12.259031,-9.106350,22.781698,11.374363,-8.794591,22.886133,11.446998,-11.192103,21.412302,7.431246,-11.266595,21.308550,6.925900,-12.082747,20.840263,5.995288,-12.206096,20.240520,5.451008,-11.844778,20.598843,6.010445,-11.171376,20.995132,7.115035,-9.496507,20.706301,7.438443,-10.196412,20.376766,6.092272,-10.368216,20.251898,5.794698,-10.178643,20.216219,5.833623,-10.239710,20.207794,6.244328,-9.716042,20.388374,6.764333,-7.896510,22.420277,14.877187,-9.191719,22.490639,12.748555,-9.017742,22.576456,13.620996,-7.560432,22.838495,14.286698,-6.611581,23.002407,16.032057,-5.038613,22.904041,18.466671,-3.062415,22.214083,20.896935,-3.656935,21.631166,19.150923,-4.519211,21.066402,18.085655,-5.925274,21.222572,15.069764,-7.391704,21.202127,14.458918,-7.502223,21.852266,15.326828,-7.644316,22.486637,14.877890,-8.511504,21.010334,13.520074,-6.922074,20.984024,14.427401,-4.449301,21.793083,18.006231,-3.541130,22.465406,19.443686,-4.740224,23.248556,18.180435,-6.532533,23.341112,15.795397,-7.877230,23.340582,14.873650,-11.693468,20.845905,6.779517,-9.962215,20.400688,6.293077,-17.517580,3.689703,-28.987005,-20.307636,1.541672,-27.454197,-22.721249,-1.206591,-25.244970,-23.614038,-1.749792,-23.990311,-22.931488,-3.110595,-21.935123,-19.312746,0.366869,-24.477274,-20.163250,0.992867,-22.972353,-19.817587,1.834236,-21.639582,-19.227350,2.302104,-20.269081,-17.619869,2.108680,-23.881773,-18.546972,2.742618,-22.245230,-17.489307,3.088569,-20.553665,-16.313223,3.120257,-19.562988,-16.319815,3.503959,-23.933149,-17.177177,3.925411,-22.528578,-16.394810,3.859964,-20.913578,-15.382203,3.432347,-19.490849,-15.111138,4.796372,-24.253052,-16.012598,4.984127,-23.509001,-15.963273,4.780099,-22.544588,-15.676690,4.485719,-21.370207,25.134382,-19.423119,-38.703163,28.167219,-19.315350,-37.375725,30.711470,-19.537365,-36.107933,30.966864,-21.255211,-33.533546,29.773008,-21.962282,-30.818632,25.081476,-24.511158,-40.801395,22.554632,-23.381367,-37.492332,24.364250,-20.409830,-37.560360,25.831978,-16.918306,-37.101875,23.231977,-23.852089,-42.242897,23.261345,-21.092682,-37.053596,22.817255,-22.442225,-34.121502,21.799030,-23.317305,-32.839005,21.572033,-23.058540,-42.199429,23.397839,-20.645908,-39.617878,27.318783,-22.918346,-40.992481,30.691154,-24.649975,-42.900478,20.421131,-22.220137,-42.513481,21.364843,-21.717083,-41.315079,22.896358,-24.151495,-42.548275,24.866642,-26.653919,-44.819027
-14.818919,25.123020,1.463951,-6.559642,23.150373,-5.611709,-2.801304,20.044277,-2.644921,6.609341,-5.129712,-31.270550,26.836731,-14.675247,-41.839630,-9.568885,25.241714,-6.860683,-5.257327,16.763851,-26.259287,-19.307713,-0.120431,-32.818230,-6.678531,10.093781,-7.973125,-5.921016,10.306024,-8.530755,-3.829470,-1.602503,2.664262,-3.926814,-2.327679,3.588365,-6.938749,10.065912,-5.863960,-3.411461,-0.890938,3.543291,-3.533036,-1.540765,4.534925,-15.489124,23.487072,1.746635,-12.564359,23.864212,1.978389,-16.093081,20.898863,-1.791929,4.509541,-4.334244,8.878595,-3.485949,-1.545948,4.581981,-3.422017,-1.549018,4.588032,-3.561516,-1.636803,4.495342,-3.925109,-2.421099,3.482064,-3.952933,-2.409193,3.343572,-3.900025,-2.336637,3.727076,-14.731492,22.618093,3.716778,-14.329050,23.692270,4.207728,-13.270314,24.544067,4.764841,-12.243933,25.125370,5.271507,-8.231853,26.078625,8.441522,-5.575372,26.061634,11.552902,-5.166657,25.065916,12.138025,-5.737786,24.212194,11.751623,-7.773697,23.792444,12.135220,-9.215184,23.471510,9.712349,-11.969879,23.634903,8.034890,-13.113409,24.246752,10.441496,-13.108232,25.069731,11.906919,-12.917454,24.672382,12.493886,-13.131786,23.869907,10.704400,-12.715786,22.529070,9.142864,-12.932472,21.298767,7.017008,-14.561348,24.305189,4.691422,-14.369986,24.878706,4.858948,-14.956203,25.000254,3.769549,-15.403293,25.101824,3.141554,-15.461364,24.494190,2.579742,-14.256978,24.620333,2.721978,-14.581676,24.115902,2.281811,-14.530149,23.509888,2.509681,-14.662243,22.514711,2.061733,-13.356330,22.038422,3.526655,-13.072174,24.459927,5.218654,-12.449616,25.360434,6.381523,-12.361738,26.110487,7.170350,-12.759885,26.566236,7.038771,-12.042123,25.848410,8.561770,-11.714120,26.102013,9.375742,-11.081698,26.297869,10.401603,-11.876979,25.865900,9.317627,-11.633260,25.972969,9.194136,-13.936423,24.662294,5.687009,-14.081323,24.607132,5.280310,-15.105397,23.974741,4.213512,-15.278973,23.145739,3.672585,-14.737148,23.530296,4.259629,-13.858593,24.090195,5.627415,-12.545783,23.766039,5.528413,-13.401731,23.475828,4.090881,-13.726460,23.230051,3.753029,-13.564333,23.046482,3.682885,-13.582006,23.017036,4.049684,-12.905018,23.316406,4.693020,-10.545881,25.766264,12.341229,-12.089705,25.639492,10.403175,-11.808675,25.663336,11.491035,-10.213045,25.847406,12.168378,-9.110102,26.114319,14.160777,-7.531740,26.057749,16.150150,-5.602118,25.493967,18.040009,-6.126894,25.254026,16.697021,-7.028745,24.889502,15.910308,-8.554628,25.011261,12.979704,-10.241603,24.890327,12.167919,-10.365948,25.367661,12.665546,-10.271042,25.808432,12.426454,-11.324944,24.169893,11.318203,-9.583192,24.194555,12.288671,-6.781802,25.163454,15.995979,-6.093045,25.781858,16.686357,-7.080417,27.058506,16.232964,-9.171644,26.921547,13.363960,-10.706886,26.853470,12.611822,-14.608626,23.962273,5.057175,-13.216325,23.392111,4.263047,-20.901329,-0.039801,-31.719870,-22.233379,-2.206060,-28.672190,-23.066769,-4.807835,-24.599714,-22.913807,-5.438266,-21.895044,-21.549797,-6.953101,-18.971891,-21.325325,-2.311167,-25.062273,-20.956926,-1.346153,-22.200483,-19.689693,-0.542788,-19.862402,-18.332870,-0.249782,-17.634293,-20.324793,-0.363881,-25.061327,-20.025055,0.306578,-21.770702,-18.668743,0.455085,-19.564856,-17.360935,0.407194,-18.334909,-19.343107,1.064880,-25.357895,-19.329672,1.517722,-22.698103,-18.504160,1.453844,-20.780016,-17.567760,1.137097,-19.169828,-18.358963,2.311275,-25.956402,-18.563274,2.452699,-24.167416,-18.492159,2.200787,-22.869070,-18.383860,2.003358,-21.597006,26.646013,-14.482363,-41.272842,29.758053,-15.313813,-39.850796,32.785152,-16.596712,-38.485039,34.287388,-18.263849,-35.838963,34.396301,-17.800838,-33.782700,27.087770,-22.258070,-42.859562,24.865128,-22.514811,-41.275635,26.599880,-19.765972,-41.448673,27.815042,-16.588537,-40.628674,25.447702,-21.146572,-44.544559,26.071032,-19.330788,-41.526859,26.129610,-20.602081,-39.167961,25.124514,-21.243063,-37.626202,23.741993,-20.020321,-44.544083,25.737762,-18.568140,-43.171280,29.484352,-20.205408,-44.719772,32.196617,-21.200872,-46.018425,22.446907,-19.069056,-44.674068,23.287691,-19.912451,-43.726490,24.654224,-22.619581,-45.295200,26.311230,-25.056160,-47.358109
-15.458302,27.678997,1.483060,-6.748353,22.423161,-5.877740,-1.586972,20.503897,-2.586341,5.897854,-3.709092,-29.970936,26.643412,-11.489541,-41.863194,-11.286942,23.425989,-7.646284,-7.710078,15.097913,-28.436314,-21.367014,-2.327831,-33.285099,-5.469171,8.560957,-6.277750,-4.038913,9.070815,-7.227186,-3.963387,-3.065130,2.741452,-4.043385,-3.744680,3.678117,-6.657132,8.164649,-3.785327,-3.964945,-2.360087,3.919154,-4.113503,-2.961051,4.947036,-15.939648,25.961390,1.572454,-13.445504,26.298687,1.839473,-16.149614,22.987385,-2.487090,4.220080,-2.885951,8.672280,-4.088467,-2.964574,5.021599,-4.045101,-2.963979,5.059771,-4.123809,-3.063481,4.884403,-4.021345,-3.840266,3.560223,-4.026297,-3.823696,3.409667,-4.039219,-3.757555,3.830069,-15.069558,24.628292,2.834649,-14.715140,25.590221,3.240964,-13.759068,26.300760,3.759288,-12.926180,26.748924,4.207918,-9.403814,27.677011,7.178909,-6.934019,27.998205,10.255624,-6.348320,27.403296,11.222849,-6.793738,27.092394,10.880860,-8.545378,26.835838,10.901444,-10.214808,26.522346,8.719429,-12.923820,26.543829,6.366423,-13.907522,26.670132,8.110439,-13.821339,27.267107,9.301294,-13.724483,26.702248,9.749016,-14.091610,25.884754,8.204259,-13.719827,24.753342,7.135373,-14.016942,23.600119,5.382881,-14.862622,26.454678,3.568569,-14.560951,27.097839,3.965915,-15.159188,27.301397,3.037424,-15.531683,27.441269,2.586558,-15.655381,26.915768,2.077645,-13.868757,27.273573,2.923733,-14.420803,26.832506,2.359533,-14.549708,26.224129,2.350344,-14.907136,25.204716,1.662223,-13.754594,24.651730,3.102629,-13.082517,26.935261,5.091454,-12.443251,27.897949,6.100137,-12.353310,28.769638,6.804773,-12.820417,29.306911,6.652146,-12.143270,28.365005,7.853618,-11.812768,28.588585,8.574817,-11.204596,28.822866,9.413512,-11.993142,28.538719,8.238468,-11.838833,28.574343,8.051976,-14.210660,26.958979,4.832517,-14.273567,27.035976,4.631042,-15.353087,26.442070,3.633127,-15.652110,25.611153,2.991692,-15.056737,25.950676,3.577117,-14.102803,26.489046,4.937045,-12.718481,26.500950,4.911477,-13.674835,26.268585,3.449621,-14.097800,25.950928,3.027274,-14.032628,25.755405,2.872501,-13.962294,25.740376,3.263560,-13.203720,26.063843,3.966676,-11.343677,27.864321,10.991120,-12.774223,28.018206,9.342498,-12.302838,28.155294,10.418530,-10.393030,28.334923,11.420703,-8.865699,28.769190,13.772302,-7.303559,28.631380,15.325247,-5.406601,28.090170,16.814695,-5.948098,28.121469,16.083061,-7.035561,27.998775,15.517871,-8.893204,27.985159,12.562463,-10.986318,27.672100,11.327031,-11.252912,27.821636,11.378673,-11.012110,27.974451,11.241208,-11.935109,26.631037,10.347236,-9.805428,26.855619,11.624970,-6.479519,27.888498,15.495353,-5.971282,28.416544,15.620872,-6.846346,30.083532,16.053583,-9.450481,29.683332,12.597984,-11.391187,29.467699,11.531947,-14.884052,26.423698,4.341830,-13.531546,26.171772,3.574237,-22.827566,-2.156576,-31.704460,-23.531445,-4.298220,-28.104410,-23.529194,-6.851265,-23.362349,-23.038866,-7.318775,-19.856968,-21.613071,-8.650842,-16.738699,-22.153479,-4.098543,-23.935837,-21.392815,-2.951301,-20.576433,-20.013292,-2.058854,-17.871040,-18.584827,-1.706786,-15.357172,-21.635614,-2.100660,-24.142574,-20.968512,-1.443323,-20.247850,-19.800018,-1.236620,-18.044079,-18.697433,-1.137381,-16.901459,-21.054350,-0.627161,-24.644461,-20.793003,-0.273216,-21.538235,-20.319553,-0.220341,-19.851192,-19.715754,-0.319282,-18.451403,-20.423645,0.648766,-25.456585,-20.409214,0.741408,-23.327707,-20.565290,0.503618,-22.255981,-20.695801,0.428277,-21.171465,26.503330,-11.348530,-41.415813,29.602707,-12.169740,-39.395267,32.293655,-14.040613,-37.607037,33.611393,-16.403919,-34.777416,33.276791,-16.382082,-32.947304,26.883341,-19.840874,-42.021889,24.391224,-20.815613,-41.308006,26.147329,-18.471827,-42.331417,27.398046,-15.607576,-42.329395,25.300711,-18.955568,-43.949493,25.915766,-17.361174,-42.077923,26.164181,-18.198139,-40.247581,25.193419,-18.408148,-38.804943,23.681532,-18.045912,-44.223389,25.702618,-16.612572,-44.143406,29.389004,-17.550652,-46.192539,31.900387,-17.912683,-47.563614,22.446321,-17.297445,-44.448269,23.391426,-18.389914,-44.253410,24.909929,-20.835621,-46.447277,26.588125,-22.968382,-48.871349
-15.380672,29.357670,1.589972,-6.559445,22.871471,-5.694409,-1.360635,21.207994,-2.273353,4.833004,-1.835915,-29.626478,26.652988,-11.140769,-42.234413,-11.629928,23.490761,-7.828545,-8.313171,15.296286,-29.643772,-21.551323,-2.128812,-32.398098,-4.938390,8.613022,-5.912890,-3.454970,9.124681,-6.739860,-4.206295,-3.696278,2.994635,-4.281234,-4.359554,3.974423,-6.368435,8.076688,-3.495228,-4.298310,-2.964491,4.190834,-4.451105,-3.562797,5.298475,-15.692729,27.466619,1.748165,-13.233381,27.981251,2.199257,-15.816082,24.196024,-2.491532,4.661463,-2.798017,8.729856,-4.430772,-3.564428,5.376580,-4.390782,-3.560443,5.420595,-4.457622,-3.667722,5.230615,-4.254968,-4.457612,3.853949,-4.254503,-4.440295,3.701482,-4.282485,-4.372181,4.128373,-14.743019,25.668978,3.101905,-14.465772,26.560324,3.397194,-13.622075,27.203093,3.806602,-12.958443,27.588552,4.091459,-9.712708,28.508310,6.809924,-7.331850,28.953905,9.771424,-6.646472,28.461370,10.896688,-7.079360,28.325232,10.499993,-8.751170,28.155901,10.241795,-10.526674,27.922531,8.148336,-13.298899,28.009571,5.383522,-14.180271,28.077929,6.954077,-13.983141,28.676514,8.158382,-13.844658,28.093607,8.759149,-14.202666,27.294550,7.454515,-13.778688,26.242771,6.739939,-14.057017,25.118494,5.273191,-14.461134,27.604500,3.590847,-14.073195,28.270422,4.112179,-14.692323,28.540777,3.205338,-15.059516,28.737181,2.779660,-15.281567,28.255732,2.230884,-12.956825,28.837488,3.699338,-13.628328,28.432583,3.059716,-13.841423,27.843864,2.942420,-14.366165,26.848438,2.100742,-13.320100,26.272449,3.551328,-12.608096,28.478214,5.404925,-12.003160,29.462307,6.295128,-11.952945,30.359938,6.928155,-12.501945,30.930944,6.766152,-11.887938,29.834513,7.804932,-11.555625,30.050749,8.497745,-10.937134,30.325272,9.281701,-11.737294,30.121788,7.999006,-11.613008,30.154425,7.791869,-13.898086,28.275223,4.846817,-13.888520,28.409046,4.784901,-14.966620,27.893129,3.869880,-15.361649,27.132786,3.154037,-14.762548,27.417517,3.738253,-13.787962,27.887819,5.071998,-12.316235,28.191124,5.121608,-13.302893,27.968834,3.619195,-13.766242,27.639053,3.148074,-13.744203,27.470718,2.986267,-13.666889,27.487434,3.346645,-12.862009,27.804586,4.093688,-11.507106,28.915169,10.440513,-12.767129,29.366117,9.035817,-12.243453,29.648367,10.110147,-10.214022,29.833761,11.275727,-8.513529,30.336443,13.728801,-6.928229,30.109686,15.056005,-4.919633,29.489695,16.454428,-5.592096,29.508610,15.815560,-6.743124,29.361624,15.416280,-8.730878,29.280149,12.472851,-10.988434,28.902094,11.056739,-11.336370,28.976667,10.888590,-11.110172,29.081722,10.806550,-11.952613,28.086813,10.046066,-9.656128,28.411066,11.483011,-6.099045,29.437723,15.380955,-5.571553,29.815413,15.244365,-6.428003,31.460829,16.044115,-9.228841,30.942537,12.370912,-11.337567,30.670738,11.182906,-14.534575,27.847979,4.502604,-13.187447,27.884703,3.716156,-23.113312,-2.052772,-30.651258,-23.781012,-3.979605,-27.130764,-23.548012,-6.431312,-22.318390,-22.919704,-6.789117,-18.542624,-21.545628,-7.973428,-15.476110,-22.098112,-3.851792,-22.504583,-21.214506,-2.691273,-19.096031,-19.832197,-1.746068,-16.389223,-18.415001,-1.352455,-13.898574,-21.650171,-1.981510,-22.679752,-20.832640,-1.412630,-18.729851,-19.854023,-1.133727,-16.792376,-18.959919,-0.909381,-15.917424,-21.142094,-0.612870,-23.211473,-20.771437,-0.355295,-20.135572,-20.582108,-0.189651,-18.821472,-20.248671,-0.137856,-17.717817,-20.584555,0.563958,-24.075369,-20.493738,0.629598,-22.040312,-20.870399,0.450478,-21.326097,-21.213072,0.474867,-20.503252,26.824076,-11.164622,-41.788387,29.953894,-12.483207,-39.505352,32.421490,-15.284509,-37.693272,33.199306,-18.406151,-34.939583,32.020832,-18.912666,-33.206474,26.773638,-21.243511,-41.979996,24.222107,-22.418848,-42.270149,26.212805,-20.020969,-43.956890,27.600637,-17.086784,-44.370178,25.470240,-20.324167,-44.181381,26.129789,-18.717505,-43.372208,26.586483,-19.337849,-41.940998,25.710262,-19.384407,-40.575005,24.135263,-19.346209,-44.778286,26.279158,-17.796722,-45.638374,30.246952,-18.556635,-47.792557,32.956375,-18.821583,-49.091103,23.163368,-18.490236,-45.323315,24.293499,-19.684195,-45.801640,26.153454,-22.098862,-48.232330,28.174278,-24.243422,-50.774788
-15.613112,30.433298,0.902925,-6.713971,23.524660,-5.446106,-1.775272,21.644611,-1.874791,4.418170,-0.429335,-31.144846,28.153242,-12.720884,-43.289608,-11.728648,24.332483,-7.864744,-8.168571,16.752649,-30.576460,-21.022120,-0.784654,-30.799122,-5.390364,9.316107,-5.550668,-4.064998,9.697568,-6.154883,-4.575135,-3.784309,3.311684,-4.652059,-4.458178,4.372821,-6.556567,8.887397,-3.511013,-4.594418,-3.006827,4.431949,-4.739998,-3.624072,5.637111,-15.751142,28.257032,1.163138,-13.055836,29.127243,1.911579,-15.774953,24.663555,-2.827767,5.081257,-3.147176,8.977897,-4.716611,-3.624113,5.713389,-4.673237,-3.625150,5.758171,-4.749251,-3.731013,5.569415,-4.629992,-4.560177,4.253690,-4.633819,-4.544251,4.102050,-4.649236,-4.468493,4.525795,-14.727419,26.071842,2.596232,-14.574869,26.923567,2.820818,-13.869484,27.548023,3.131106,-13.391036,27.912571,3.235735,-10.373799,28.881460,5.695209,-8.055054,29.414909,8.577547,-7.236856,28.984154,9.888370,-7.668958,28.924850,9.477148,-9.215427,28.865400,9.307743,-11.009837,28.759983,7.185953,-13.666950,28.995281,4.449100,-14.374591,29.207506,6.189166,-14.000256,29.880966,7.591758,-13.764506,29.302244,8.377293,-14.069743,28.502838,7.171801,-13.537493,27.459192,6.656260,-13.756073,26.311108,5.338318,-14.442752,28.171297,2.675988,-13.973769,28.865452,3.317444,-14.588741,29.195679,2.418606,-14.933785,29.463745,2.084939,-15.185291,29.026644,1.558422,-12.315204,29.832647,3.721200,-12.999415,29.454510,3.090337,-13.181899,28.904165,3.053744,-13.763530,27.968979,2.197057,-12.767506,27.423302,3.689447,-12.435548,29.543789,4.844113,-11.896005,30.541950,5.668426,-11.901851,31.442549,6.326190,-12.539667,32.065887,6.144502,-12.071253,30.841181,7.052336,-11.707594,31.089386,7.818364,-11.046460,31.416674,8.659571,-11.777235,31.246363,7.418180,-11.643913,31.323839,7.203824,-13.952888,29.019899,3.961761,-13.869372,29.183867,4.000740,-14.896729,28.744698,3.217427,-15.342383,28.072868,2.518869,-14.787331,28.302572,3.015501,-13.840031,28.701612,4.280367,-12.055575,29.328005,4.853425,-12.999229,29.089384,3.359725,-13.437502,28.786707,2.902850,-13.408431,28.674957,2.803663,-13.373372,28.719440,3.095245,-12.591918,29.002604,3.805562,-12.032759,29.647554,9.283979,-13.098492,30.297318,8.080139,-12.514024,30.724266,9.241574,-10.428254,30.942577,10.513073,-8.587155,31.486607,13.067219,-6.951079,31.241383,14.358393,-4.777376,30.557419,15.861045,-5.625519,30.482954,15.082711,-6.864324,30.225140,14.692387,-8.948233,30.086531,11.708694,-11.310545,29.668388,10.139150,-11.727218,29.735041,9.818958,-11.555529,29.884043,9.731084,-12.293889,29.163595,9.136153,-9.887820,29.560249,10.720044,-6.173883,30.590899,14.727917,-5.526041,30.861506,14.549182,-6.446079,32.352055,15.372132,-9.387830,31.753090,11.520854,-11.583528,31.445091,10.242355,-14.505917,28.673248,3.798046,-12.885261,29.037418,3.455240,-22.800663,-0.885642,-28.908360,-23.697546,-2.670414,-25.732065,-23.458666,-5.114109,-21.078365,-22.776785,-5.454115,-17.276758,-21.470215,-6.590146,-14.253677,-21.639950,-2.786426,-20.663656,-20.850475,-1.663124,-17.524105,-19.618423,-0.650058,-15.047619,-18.316284,-0.195789,-12.735838,-21.096035,-1.047406,-20.712885,-20.351290,-0.532509,-17.117664,-19.604237,-0.154260,-15.541246,-18.921577,0.175327,-14.940170,-20.544796,0.222782,-21.230013,-20.252352,0.455881,-18.540487,-20.341309,0.749538,-17.661020,-20.263252,0.924934,-16.867579,-19.979116,1.325782,-22.130323,-19.980236,1.430024,-20.517479,-20.596804,1.362098,-20.236706,-21.150824,1.492896,-19.707109,28.680393,-12.866037,-42.815063,31.725233,-14.831440,-40.170250,33.759850,-18.516121,-38.164253,33.693920,-22.238045,-35.348045,31.519953,-23.157887,-33.390095,27.851765,-24.544077,-43.029808,25.327822,-25.516132,-44.054424,27.586754,-22.699694,-46.116024,29.095980,-19.370464,-46.640602,26.955921,-23.378721,-45.616886,27.751719,-21.414015,-45.479225,28.318123,-21.882240,-44.172901,27.457560,-21.915201,-42.797535,25.956200,-22.149635,-46.560146,28.292089,-20.183815,-47.949776,32.567654,-20.826998,-50.154118,35.528427,-21.101881,-51.469341,25.283276,-21.019869,-47.438061,26.590296,-22.017376,-48.422558,28.760307,-24.348705,-50.947834,31.124979,-26.485052,-53.589748
-16.252748,31.210796,-0.300848,-7.010302,24.051542,-5.202912,-2.227039,21.884752,-1.435685,4.437109,0.927380,-33.324753,30.139174,-14.610851,-44.545963,-11.941330,25.182556,-7.903173,-7.935833,18.458557,-31.305696,-20.323051,0.617385,-28.936676,-6.166530,9.973930,-5.031090,-4.962976,10.231309,-5.480808,-4.876821,-3.668880,3.644071,-4.957458,-4.360368,4.786154,-6.978112,9.719103,-3.416991,-4.788827,-2.852003,4.661206,-4.923147,-3.492811,5.957562,-16.153456,28.769094,0.115848,-13.212551,30.041225,1.054970,-15.932026,24.887693,-3.405160,5.363079,-3.442066,9.236305,-4.894267,-3.492100,6.028680,-4.845614,-3.501047,6.070929,-4.936924,-3.601060,5.892340,-4.940901,-4.466072,4.668322,-4.950710,-4.451307,4.517073,-4.948735,-4.368831,4.938373,-14.925404,26.292683,1.713418,-14.905328,27.103783,1.886504,-14.333152,27.710253,2.121723,-14.042408,28.053684,2.036328,-11.244761,29.066334,4.226571,-9.006639,29.649277,7.006506,-8.065028,29.243574,8.485418,-8.524429,29.192923,8.062641,-9.962688,29.228998,8.103126,-11.769345,29.265209,5.846950,-14.240837,29.686705,3.330585,-14.738929,30.137270,5.439409,-14.166329,30.931105,7.088618,-13.825023,30.388115,8.019059,-14.068392,29.597530,6.824030,-13.411628,28.550980,6.412109,-13.562547,27.364349,5.145645,-14.756394,28.557390,1.235458,-14.227397,29.282995,1.975466,-14.854284,29.663340,1.060537,-15.187228,29.995289,0.826246,-15.455892,29.594616,0.317391,-12.076859,30.628555,3.119493,-12.744817,30.270830,2.499529,-12.859263,29.760468,2.592533,-13.442974,28.894703,1.777989,-12.466247,28.399195,3.331389,-12.657305,30.422676,3.683959,-12.198065,31.429235,4.469509,-12.271747,32.321838,5.197638,-13.008760,32.994305,4.982576,-12.672808,31.643255,5.817923,-12.277726,31.938732,6.683908,-11.577083,32.325825,7.617425,-12.198355,32.167534,6.485718,-12.041561,32.302261,6.261425,-14.344340,29.574907,2.562922,-14.205701,29.770002,2.661620,-15.184345,29.395584,1.998652,-15.670508,28.794151,1.340434,-15.160795,28.979166,1.731560,-14.236704,29.318752,2.941608,-12.131577,30.252113,4.077924,-13.013384,29.994968,2.601264,-13.406837,29.728199,2.172970,-13.346259,29.678877,2.166551,-13.367599,29.741381,2.383381,-12.634208,29.981482,3.033971,-12.910130,30.220322,7.753470,-13.808030,31.004929,6.684422,-13.168802,31.571102,7.958448,-11.039568,31.837603,9.322287,-9.066864,32.417633,11.977196,-7.361387,32.189724,13.345407,-4.995001,31.467300,15.043093,-6.031571,31.261341,14.015487,-7.383567,30.861111,13.542416,-9.551669,30.658836,10.486092,-11.990277,30.202194,8.787293,-12.460855,30.294897,8.366241,-12.354036,30.527855,8.250108,-12.999669,30.008886,7.799655,-10.504214,30.472431,9.531007,-6.657100,31.531103,13.682243,-5.839335,31.737103,13.600437,-6.873431,33.044605,14.273638,-9.946530,32.369644,10.239937,-12.202946,32.022495,8.870234,-14.822798,29.297804,2.555319,-12.888236,29.979826,2.706083,-22.353947,0.334969,-26.901979,-23.507660,-1.312497,-24.131168,-23.274092,-3.750573,-19.657700,-22.564405,-4.083914,-15.884858,-21.345695,-5.184870,-12.918653,-21.078218,-1.676091,-18.676067,-20.429296,-0.599993,-15.866477,-19.411993,0.485283,-13.704058,-18.284986,1.011690,-11.651671,-20.434248,-0.064066,-18.611023,-19.814766,0.410865,-15.454152,-19.349684,0.909970,-14.310461,-18.921228,1.360523,-14.041343,-19.830067,1.112329,-19.112514,-19.667397,1.347759,-16.883833,-20.064476,1.790679,-16.487856,-20.277046,2.109645,-16.065708,-19.247746,2.150186,-20.051588,-19.388067,2.316511,-18.923248,-20.269863,2.390771,-19.107590,-21.065952,2.653284,-18.923742,31.024212,-14.859995,-43.991409,33.934544,-17.362289,-41.100044,35.475052,-21.803318,-38.970970,34.441860,-26.040546,-36.074379,31.194263,-27.286163,-33.804024,29.374113,-28.058420,-44.534992,26.947111,-28.757076,-46.243294,29.533508,-25.440498,-48.700684,31.220871,-21.646418,-49.356647,28.894474,-26.657539,-47.482780,29.904694,-24.217787,-47.968353,30.582006,-24.487619,-46.765697,29.747040,-24.506155,-45.413437,28.220039,-25.167662,-48.736374,30.759962,-22.658861,-50.582752,35.275696,-23.135471,-52.823997,38.442307,-23.404762,-54.175007,27.819136,-23.744169,-49.907906,29.253407,-24.418715,-51.358368,31.653631,-26.597137,-53.916412,34.285332,-28.681820,-56.617378
-16.685860,31.547396,-1.042719,-7.053860,24.332945,-4.758852,-2.414966,22.047441,-0.917949,4.143575,2.608735,-34.459763,31.063980,-15.378731,-44.984509,-11.980314,25.567608,-7.652411,-7.560155,19.520548,-31.359999,-19.547382,1.452622,-27.456251,-6.584743,10.301985,-4.396943,-5.436810,10.487135,-4.776014,-4.973791,-3.554894,3.934269,-5.058499,-4.261199,5.128380,-7.201011,10.147887,-3.051613,-4.822875,-2.714995,4.835936,-4.949216,-3.374959,6.193403,-16.390200,28.993092,-0.490756,-13.350348,30.518694,0.450845,-15.919829,24.965834,-3.676521,5.496340,-3.637722,9.411084,-4.916596,-3.374037,6.257540,-4.864427,-3.390360,6.294340,-4.965755,-3.482758,6.132226,-5.045031,-4.367996,5.012681,-5.058146,-4.353833,4.863333,-5.046446,-4.268731,5.278485,-14.964168,26.355955,1.274018,-15.019180,27.123377,1.421094,-14.531447,27.697689,1.608408,-14.366352,28.012083,1.363779,-11.747728,29.021780,3.302074,-9.585540,29.605131,5.954603,-8.577300,29.165552,7.526061,-9.063601,29.091572,7.091394,-10.447260,29.173544,7.292342,-12.268143,29.299471,4.904014,-14.562694,29.903988,2.632675,-14.894293,30.562531,5.099853,-14.186326,31.463854,6.919774,-13.792147,30.976158,7.904502,-14.002475,30.206081,6.689806,-13.261009,29.170805,6.339253,-13.367473,27.961903,5.094459,-14.956128,28.720541,0.313149,-14.393598,29.474890,1.118391,-15.036517,29.890181,0.196632,-15.366641,30.260221,0.024378,-15.639762,29.875700,-0.469199,-11.932666,31.056784,2.741153,-12.598153,30.721268,2.101034,-12.673280,30.242712,2.247754,-13.241422,29.430435,1.476562,-12.268129,28.969259,3.084734,-12.834503,30.875635,2.910109,-12.428024,31.871729,3.699806,-12.557193,32.753803,4.472183,-13.362991,33.441914,4.238626,-13.100189,31.993574,5.004719,-12.687770,32.317406,5.943686,-11.964937,32.750404,6.956862,-12.471509,32.608574,5.942852,-12.293284,32.776611,5.707891,-14.582993,29.839144,1.682503,-14.421654,30.071346,1.816456,-15.374187,29.734329,1.226285,-15.882682,29.154352,0.599510,-15.388789,29.309893,0.918189,-14.470014,29.615086,2.101341,-12.183462,30.747255,3.566556,-13.022525,30.498043,2.115239,-13.395214,30.253977,1.695344,-13.303123,30.232679,1.763785,-13.363468,30.293657,1.920669,-12.658696,30.503927,2.533404,-13.521120,30.374567,6.727262,-14.303258,31.256956,5.750419,-13.625539,31.919748,7.127307,-11.463655,32.218319,8.564123,-9.405445,32.820637,11.290932,-7.637575,32.594486,12.759886,-5.128245,31.842663,14.629320,-6.300941,31.525826,13.365145,-7.754593,31.013815,12.790676,-9.973288,30.764067,9.641249,-12.437165,30.286814,7.876505,-12.950230,30.419153,7.399322,-12.902230,30.724215,7.269850,-13.480965,30.347294,6.918247,-10.931387,30.853592,8.766483,-7.004862,31.926952,13.012567,-6.034081,32.088844,13.086423,-7.172362,33.264408,13.587172,-10.333377,32.538605,9.403312,-12.624212,32.155857,7.950238,-15.019987,29.610111,1.782045,-12.885809,30.499844,2.228017,-21.730228,1.070721,-25.387184,-23.116283,-0.412765,-22.990507,-22.978189,-2.786655,-18.713217,-22.329510,-3.090807,-14.991376,-21.255411,-4.147590,-12.119460,-20.563440,-0.932674,-17.446325,-20.022205,0.098341,-14.783532,-19.184092,1.194458,-12.808556,-18.226830,1.739213,-10.953532,-19.834007,0.568564,-17.278805,-19.317499,1.003473,-14.348471,-19.121204,1.573103,-13.512795,-18.950834,2.105408,-13.525705,-19.168201,1.658975,-17.728622,-19.115040,1.903614,-15.753109,-19.779760,2.452920,-15.666024,-20.257563,2.885757,-15.511500,-18.544535,2.629138,-18.654034,-18.799212,2.848849,-17.804213,-19.901787,3.031805,-18.281261,-20.919252,3.398377,-18.343836,32.208599,-15.750644,-44.283352,34.965542,-18.624359,-41.376728,36.145596,-23.669203,-39.423283,34.466030,-28.311728,-36.625278,30.598955,-29.765759,-34.299118,29.754711,-30.268227,-45.142960,27.488066,-31.102163,-47.503830,30.501381,-27.604961,-50.542305,32.489601,-23.591293,-51.566345,29.632734,-28.778427,-48.341938,30.966219,-26.299206,-49.586700,31.900118,-26.455816,-48.755062,31.217583,-26.465866,-47.643250,29.287670,-27.127583,-49.869587,32.063404,-24.479704,-52.299221,36.775707,-24.861706,-54.761803,40.102570,-25.134090,-56.262554,29.161322,-25.484383,-51.320244,30.683243,-26.089684,-53.254459,33.211140,-28.167610,-55.913921,35.985283,-30.226360,-58.689426
-16.487309,31.714394,-1.070261,-6.854927,24.393242,-4.414792,-2.291981,22.257944,-0.695376,3.273743,4.124976,-34.038578,30.520853,-15.125159,-43.927788,-11.908103,25.412477,-7.388292,-7.035724,19.594486,-30.918056,-18.663200,1.609028,-26.476685,-6.410496,10.218764,-3.940949,-5.211948,10.410460,-4.377379,-4.963822,-3.703001,4.134811,-5.052039,-4.422252,5.359129,-7.082477,10.052335,-2.588938,-4.860346,-2.845228,4.980488,-4.991804,-3.517336,6.370212,-16.127346,29.201305,-0.490778,-13.176623,30.756037,0.292868,-15.561752,25.099754,-3.551933,5.509548,-3.890204,9.601607,-4.961121,-3.516042,6.430885,-4.910936,-3.535812,6.464348,-5.005890,-3.624850,6.311635,-5.035694,-4.527997,5.245316,-5.046212,-4.513696,5.097721,-5.042644,-4.429683,5.507594,-14.705648,26.492617,1.078956,-14.742819,27.219597,1.245643,-14.261711,27.753651,1.416283,-14.150692,28.016695,1.031549,-11.675509,28.971731,2.749278,-9.551136,29.538750,5.312830,-8.472697,29.070240,6.983828,-8.918652,29.022142,6.572052,-10.209588,29.127008,6.896947,-12.077814,29.290894,4.485385,-14.225803,30.020063,2.333230,-14.483238,30.738373,4.870128,-13.754969,31.661589,6.735181,-13.425907,31.188871,7.684355,-13.690815,30.439573,6.457871,-12.929542,29.457010,6.232978,-13.042247,28.265505,5.077906,-14.751960,28.905739,-0.115872,-14.142872,29.676916,0.766817,-14.764118,30.117380,-0.087326,-15.058576,30.513777,-0.178982,-15.295271,30.141853,-0.579012,-11.425395,31.344103,2.895361,-12.129580,31.033478,2.207933,-12.218074,30.572975,2.324335,-12.798496,29.789715,1.560860,-11.862115,29.326824,3.151069,-12.476656,31.146191,2.747869,-12.065325,32.110489,3.569622,-12.201276,32.985058,4.349919,-13.014300,33.667561,4.146594,-12.826577,32.144768,4.744997,-12.389693,32.468803,5.735704,-11.660980,32.923977,6.773851,-12.065161,32.810268,5.848800,-11.897563,32.983143,5.587794,-14.330645,30.035591,1.332615,-14.149245,30.297802,1.526360,-15.072635,29.982580,1.007252,-15.575885,29.409264,0.424080,-15.087961,29.537806,0.683169,-14.189441,29.819712,1.810460,-11.787560,31.033976,3.536304,-12.613804,30.812050,2.124514,-12.995109,30.572475,1.705462,-12.904969,30.543015,1.790074,-12.966221,30.600580,1.905689,-12.260354,30.799908,2.506712,-13.411825,30.331078,6.167939,-14.086010,31.345327,5.337661,-13.367858,32.078514,6.802298,-11.184732,32.369190,8.304705,-9.057712,32.974674,11.098172,-7.270575,32.684128,12.549509,-4.699762,31.860464,14.466735,-5.934153,31.494850,13.110388,-7.455994,30.943157,12.488998,-9.695211,30.681877,9.276727,-12.160170,30.213682,7.470541,-12.721833,30.360386,6.913474,-12.722561,30.694830,6.805510,-13.246088,30.503056,6.550168,-10.660616,31.026192,8.483738,-6.686765,32.046898,12.784668,-5.640579,32.107529,12.874254,-6.798314,33.229176,13.367119,-10.009667,32.477283,9.068662,-12.332928,32.083107,7.542456,-14.727951,29.840326,1.536329,-12.478930,30.808893,2.229285,-20.888092,1.210808,-24.502762,-22.472130,-0.105208,-22.382025,-22.522875,-2.377867,-18.290094,-22.038742,-2.647490,-14.683139,-21.104977,-3.668173,-11.904795,-20.050295,-0.693657,-16.968258,-19.654354,0.315715,-14.290755,-18.933956,1.366702,-12.319849,-18.104162,1.877005,-10.539809,-19.242264,0.713149,-16.705664,-18.873615,1.140618,-13.802234,-18.857576,1.718235,-13.018687,-18.864031,2.269740,-13.135050,-18.513338,1.725995,-17.081581,-18.602085,2.010763,-15.156621,-19.431103,2.608654,-15.091889,-20.071796,3.095875,-14.985096,-17.840580,2.623052,-17.962234,-18.219063,2.893132,-17.195524,-19.460140,3.124109,-17.719162,-20.624241,3.533870,-17.829340,31.768877,-15.598501,-43.160442,34.380291,-18.838514,-40.222450,35.314865,-24.398098,-38.451256,33.344898,-29.276138,-35.790688,29.269766,-30.827509,-33.614410,28.518858,-31.007084,-43.709221,26.430258,-32.219711,-46.429008,29.795658,-28.845194,-49.959625,32.043720,-24.849522,-51.398228,28.662020,-29.485640,-47.044769,30.321964,-27.312454,-48.864315,31.444334,-27.479639,-48.378613,30.880856,-27.503149,-47.544319,28.617031,-27.734856,-48.818798,31.613079,-25.318136,-51.676216,36.319038,-25.760324,-54.304939,39.628639,-26.113749,-55.940239,28.765543,-25.945969,-50.562004,30.366442,-26.686506,-52.777081,32.841297,-28.764500,-55.410233,35.546337,-30.873753,-58.124622
-16.083799,31.881119,-0.811868,-6.610003,24.295523,-4.231570,-2.052147,22.470518,-0.802196,2.220458,5.324928,-33.113956,29.367794,-14.371385,-42.512978,-11.830947,24.950304,-7.133587,-6.494887,19.084019,-30.217621,-17.804659,1.359132,-25.655180,-5.976677,9.911673,-3.607069,-4.640483,10.168277,-4.221569,-4.995017,-4.105343,4.349683,-5.085058,-4.828016,5.577520,-6.842348,9.674026,-2.058606,-5.001558,-3.223102,5.260094,-5.147479,-3.898932,6.669328,-15.696895,29.456812,-0.243233,-12.943518,30.942553,0.321228,-15.107996,25.256718,-3.317315,5.443254,-4.134874,9.818732,-5.122488,-3.896294,6.734585,-5.078028,-3.916259,6.772404,-5.156371,-4.006896,6.607802,-5.062486,-4.932519,5.460231,-5.066610,-4.918093,5.308511,-5.082132,-4.835354,5.730202,-14.357282,26.701065,0.936656,-14.334646,27.389858,1.135119,-13.824594,27.875528,1.306736,-13.737368,28.069469,0.828002,-11.388383,28.945246,2.416046,-9.294274,29.502630,4.953447,-8.143666,29.052685,6.734599,-8.542403,29.074539,6.328865,-9.732195,29.202284,6.691784,-11.677703,29.390154,4.335745,-13.728548,30.180742,2.144590,-13.970706,30.852585,4.494425,-13.274193,31.751654,6.331455,-13.049500,31.264286,7.235199,-13.398668,30.531832,6.037777,-12.650598,29.626194,5.973832,-12.792034,28.474752,4.938808,-14.376522,29.143257,-0.258597,-13.717886,29.920822,0.690625,-14.299308,30.381546,-0.067063,-14.548433,30.802322,-0.093892,-14.746249,30.450722,-0.386647,-10.816759,31.619207,3.220770,-11.586457,31.328199,2.465168,-11.717139,30.876856,2.504796,-12.333972,30.104908,1.713850,-11.459374,29.624502,3.242827,-11.919904,31.393553,2.839457,-11.488946,32.324207,3.669354,-11.607310,33.197502,4.442987,-12.396253,33.871868,4.297667,-12.288196,32.273590,4.713084,-11.829857,32.593555,5.725813,-11.109200,33.060005,6.728259,-11.441894,32.973499,5.847974,-11.300379,33.142651,5.557595,-13.890584,30.246294,1.248057,-13.690773,30.532028,1.495166,-14.588408,30.234091,1.028903,-15.078895,29.670109,0.489926,-14.601422,29.773708,0.695427,-13.728366,30.036131,1.765064,-11.271658,31.275862,3.640349,-12.106261,31.085714,2.259042,-12.507914,30.842552,1.840860,-12.442667,30.796404,1.901317,-12.481315,30.855457,1.998209,-11.760305,31.051090,2.608267,-13.038163,30.277130,5.824941,-13.614323,31.440254,5.153905,-12.862134,32.233475,6.658901,-10.664155,32.501724,8.216616,-8.469570,33.111660,11.076519,-6.699276,32.728703,12.411727,-4.116773,31.818207,14.278368,-5.371173,31.463118,12.964388,-6.931722,30.932947,12.357913,-9.186940,30.672499,9.143188,-11.659425,30.209398,7.284162,-12.261045,30.330624,6.629956,-12.290888,30.652142,6.562393,-12.770201,30.661592,6.395526,-10.149569,31.200087,8.391352,-6.134432,32.148136,12.702701,-5.074749,32.081951,12.691472,-6.198626,33.215569,13.305314,-9.453394,32.439270,8.927233,-11.816488,32.041527,7.340448,-14.256848,30.082920,1.524799,-11.983281,31.072218,2.344128,-20.023184,0.992938,-23.793760,-21.738041,-0.194340,-21.891113,-21.955519,-2.384714,-17.993158,-21.629137,-2.650016,-14.518110,-20.808834,-3.664249,-11.812850,-19.463848,-0.815147,-16.673756,-19.219517,0.188942,-14.011006,-18.574020,1.189235,-12.000990,-17.825602,1.656847,-10.240911,-18.598322,0.514498,-16.315992,-18.373156,0.935818,-13.414080,-18.461555,1.486315,-12.575747,-18.560713,2.022398,-12.689215,-17.830996,1.465531,-16.613035,-18.054464,1.778449,-14.700067,-18.974024,2.383106,-14.557354,-19.700018,2.887404,-14.409616,-17.132063,2.301595,-17.446301,-17.619715,2.595945,-16.719271,-18.941965,2.836997,-17.208660,-20.200369,3.258815,-17.299761,30.682856,-14.905270,-41.845467,33.187618,-18.429119,-38.867218,33.897415,-24.393906,-37.142673,31.756714,-29.447966,-34.523178,27.581635,-31.095737,-32.502663,26.814627,-30.832850,-41.625214,24.849566,-32.364513,-44.498295,28.394821,-29.172684,-48.303715,30.776773,-25.259514,-50.007992,27.089272,-29.336569,-44.952953,28.939150,-27.483210,-47.152542,30.113298,-27.671618,-46.842731,29.589621,-27.693947,-46.157005,27.233854,-27.571136,-46.876842,30.376244,-25.446672,-50.048553,35.017822,-25.958698,-52.801342,38.269245,-26.369316,-54.524143,27.580696,-25.740160,-48.852802,29.231127,-26.657965,-51.218979,31.627146,-28.763884,-53.811012,34.230709,-30.933924,-56.442394
-15.846437,32.286438,-0.714200,-6.514068,24.404022,-4.146697,-2.052167,22.801859,-1.119498,1.262412,6.280950,-32.418968,28.178410,-13.866085,-41.013813,-11.751956,24.785513,-6.839453,-5.866838,18.772278,-29.462019,-17.083733,0.685981,-24.754236,-5.659293,9.768432,-3.391874,-4.210922,10.080620,-4.196657,-4.977123,-4.340888,4.510325,-5.064073,-5.060118,5.733397,-6.682050,9.480489,-1.636115,-5.049736,-3.436479,5.496245,-5.205822,-4.119079,6.919973,-15.463873,29.891949,-0.171669,-12.825530,31.311327,0.343696,-14.936698,25.544456,-3.387789,5.448478,-4.182098,9.919909,-5.184381,-4.116479,6.989370,-5.143574,-4.136481,7.030696,-5.211652,-4.227717,6.855495,-5.036687,-5.164079,5.610253,-5.035823,-5.148575,5.452095,-5.066118,-5.068329,5.892354,-14.198376,27.087160,0.735225,-14.124948,27.757561,0.947472,-13.591270,28.207403,1.110744,-13.510389,28.355944,0.591986,-11.191286,29.180708,2.211723,-9.073531,29.745300,4.804049,-7.860064,29.328102,6.656283,-8.234121,29.409306,6.227717,-9.381901,29.555042,6.548846,-11.415683,29.762211,4.262933,-13.498346,30.553965,1.893858,-13.782122,31.157890,4.026521,-13.133072,32.032860,5.808175,-12.976438,31.528967,6.715770,-13.370651,30.798853,5.575659,-12.625460,29.942825,5.647919,-12.782480,28.816515,4.708385,-14.104778,29.569496,-0.294268,-13.399810,30.354633,0.700533,-13.953077,30.836363,0.006299,-14.187057,31.278812,-0.025501,-14.370032,30.950403,-0.256240,-10.470557,32.068207,3.348893,-11.304249,31.778744,2.532556,-11.473215,31.324242,2.510373,-12.127743,30.552343,1.688833,-11.298380,30.059494,3.177652,-11.547241,31.825966,2.875102,-11.096261,32.738701,3.712574,-11.208208,33.621342,4.457878,-11.979883,34.295082,4.340399,-11.911670,32.638638,4.668064,-11.442363,32.959839,5.682276,-10.726791,33.434315,6.642343,-11.051286,33.358624,5.752754,-10.929823,33.521976,5.430996,-13.582576,30.660631,1.234710,-13.380260,30.961828,1.488862,-14.283739,30.671776,1.023438,-14.768760,30.115274,0.502962,-14.295706,30.203442,0.681554,-13.421674,30.456089,1.742869,-10.988558,31.684835,3.611063,-11.840742,31.514088,2.252644,-12.262762,31.266817,1.833718,-12.215593,31.205996,1.882391,-12.236534,31.271446,1.956848,-11.496371,31.469572,2.577031,-12.743019,30.531893,5.633999,-13.276378,31.796782,5.030680,-12.518520,32.623173,6.524203,-10.299279,32.877388,8.119949,-8.067088,33.488663,11.013205,-6.306914,33.041901,12.254221,-3.725097,32.074333,14.066773,-4.965505,31.761511,12.830793,-6.544749,31.274223,12.268508,-8.824659,31.012815,9.060724,-11.323636,30.549721,7.149053,-11.933571,30.640423,6.457666,-11.958174,30.920408,6.443637,-12.438192,31.058968,6.278554,-9.789036,31.609379,8.309943,-5.733008,32.508774,12.611012,-4.686817,32.352760,12.505753,-5.762580,33.533825,13.254556,-9.058157,32.741302,8.833910,-11.462456,32.341450,7.203660,-13.950080,30.516081,1.520252,-11.731298,31.493431,2.316988,-19.316633,0.356672,-23.009451,-21.018719,-0.779598,-21.256399,-21.286518,-2.934224,-17.537054,-21.069338,-3.232191,-14.176677,-20.336922,-4.261262,-11.523072,-18.790903,-1.435950,-16.216393,-18.716557,-0.435545,-13.730564,-18.198565,0.551674,-11.761752,-17.558208,1.015008,-10.042511,-17.992054,-0.132665,-15.862321,-17.932121,0.274072,-13.115817,-18.166262,0.832158,-12.322635,-18.360128,1.380853,-12.460741,-17.290281,0.808601,-16.164660,-17.664211,1.131766,-14.388781,-18.694277,1.764465,-14.267257,-19.500372,2.306134,-14.131621,-16.653990,1.641284,-17.030933,-17.234659,1.926727,-16.403004,-18.634266,2.184354,-16.930759,-19.975143,2.629740,-17.050320,29.630138,-14.473381,-40.539669,31.985989,-18.102045,-37.630119,32.329350,-24.236422,-35.926113,29.874687,-29.309193,-33.237514,25.523952,-30.945131,-31.269016,25.015112,-30.620993,-39.420204,23.043911,-32.258186,-42.317585,26.688545,-29.167408,-46.278580,29.141655,-25.281185,-48.128956,25.350903,-29.259876,-42.624493,27.216208,-27.561773,-45.120052,28.450663,-27.702551,-44.978451,28.024004,-27.670286,-44.418316,25.644060,-27.595892,-44.605083,28.832905,-25.629114,-48.043308,33.500965,-26.160524,-50.920311,36.790699,-26.586042,-52.671700,26.180378,-25.830200,-46.734840,27.777485,-26.832134,-49.193428,30.154327,-28.946932,-51.762375,32.739117,-31.170383,-54.314152
-15.161099,32.417309,-0.157044,-6.183819,24.264624,-3.988069,-1.947591,22.900465,-1.454019,0.241579,6.850045,-30.564312,25.819326,-13.356399,-38.761082,-11.369704,24.329832,-6.437870,-5.010324,17.975891,-28.405249,-16.035021,-0.235261,-23.356417,-5.096257,9.567312,-3.371541,-3.572695,9.930239,-4.333815,-4.880838,-4.589876,4.654576,-4.962075,-5.298024,5.858223,-6.309648,9.198742,-1.350999,-5.022349,-3.667888,5.705102,-5.190380,-4.358801,7.135503,-14.802422,30.053295,0.343373,-12.291466,31.369055,0.905297,-14.384334,25.532515,-3.177480,5.518412,-4.422229,9.998191,-5.172753,-4.356006,7.207910,-5.135919,-4.375077,7.251405,-5.192812,-4.466730,7.068691,-4.929320,-5.400073,5.728215,-4.922751,-5.383636,5.562955,-4.969728,-5.306931,6.023924,-13.598120,27.155769,1.025760,-13.478941,27.789021,1.233705,-12.931458,28.183540,1.373567,-12.863781,28.281397,0.823568,-10.595228,29.025370,2.505844,-8.484786,29.582691,5.158843,-7.227878,29.209875,7.081839,-7.579385,29.358503,6.638032,-8.690221,29.537502,6.916965,-10.792012,29.776712,4.708490,-12.916306,30.556576,2.145679,-13.265254,31.083485,4.032441,-12.686725,31.930315,5.737309,-12.608394,31.410070,6.639312,-13.044374,30.688997,5.565825,-12.322609,29.874607,5.749116,-12.500184,28.785017,4.873804,-13.379870,29.684015,0.308641,-12.647997,30.463192,1.324406,-13.180476,30.959654,0.676981,-13.413093,31.417999,0.617841,-13.612678,31.110123,0.406503,-9.784449,32.163868,3.973222,-10.687092,31.871412,3.087723,-10.904695,31.405285,2.999772,-11.615566,30.632374,2.117200,-10.852564,30.119699,3.541282,-10.810139,31.901863,3.475293,-10.338770,32.785423,4.328027,-10.440144,33.670956,5.035324,-11.182692,34.348190,4.929884,-11.154105,32.635658,5.171629,-10.678585,32.960011,6.190248,-9.974998,33.431080,7.112177,-10.315465,33.363499,6.194166,-10.208315,33.526554,5.840377,-12.845263,30.749422,1.836123,-12.652454,31.064558,2.081346,-13.566164,30.792828,1.594412,-14.044226,30.246634,1.084524,-13.582943,30.316376,1.236782,-12.703196,30.550287,2.310126,-10.385458,31.735353,4.081078,-11.255574,31.587912,2.741924,-11.702031,31.336891,2.311842,-11.673240,31.260527,2.345690,-11.669947,31.336357,2.411485,-10.911734,31.529573,3.049860,-12.072336,30.419401,6.024012,-12.542466,31.781952,5.482986,-11.786321,32.637455,6.961712,-9.569263,32.871773,8.571753,-7.334101,33.473381,11.474790,-5.618095,32.965973,12.597948,-3.068808,31.942728,14.330017,-4.275416,31.676443,13.200173,-5.844736,31.245260,12.705052,-8.130862,30.993856,9.526888,-10.644169,30.539471,7.570275,-11.254087,30.589336,6.845634,-11.273359,30.817493,6.884430,-11.729995,31.073172,6.710049,-9.071924,31.624302,8.766038,-5.013566,32.463764,13.029307,-4.009175,32.239120,12.825897,-5.024588,33.469959,13.728586,-8.332842,32.683807,9.290641,-10.759200,32.289040,7.640284,-13.227147,30.630024,2.101800,-11.166792,31.558170,2.772316,-18.263603,-0.521016,-21.763250,-19.857174,-1.621055,-20.117001,-20.126053,-3.738106,-16.620714,-19.999100,-4.091138,-13.373174,-19.376123,-5.132728,-10.770568,-17.581896,-2.312371,-15.293357,-17.680912,-1.351629,-13.059128,-17.327856,-0.385277,-11.193532,-16.818155,0.074021,-9.536167,-16.928932,-1.034694,-14.993265,-17.036209,-0.703897,-12.467515,-17.443981,-0.151511,-11.784776,-17.739527,0.410226,-11.973861,-16.372196,-0.094719,-15.360871,-16.900982,0.189176,-13.784775,-18.053658,0.839724,-13.735646,-18.935104,1.422107,-13.629722,-15.873577,0.757891,-16.326527,-16.547501,1.000698,-15.837431,-18.021324,1.272161,-16.436914,-19.434294,1.746076,-16.609055,27.377264,-14.065272,-38.488441,29.484701,-17.661097,-35.840992,29.410328,-23.658386,-34.356781,26.636820,-28.499838,-31.668940,22.212101,-29.988737,-29.827602,21.836634,-29.739370,-36.609020,19.882038,-31.340990,-39.656464,23.630684,-28.439987,-43.898613,26.199736,-24.650618,-46.027512,22.222401,-28.610329,-39.553154,24.096195,-27.030231,-42.503155,25.391159,-27.197905,-42.567101,25.093222,-27.155926,-42.182911,22.694771,-27.164326,-41.511497,25.948524,-25.379347,-45.416950,30.688122,-26.056925,-48.488781,34.076481,-26.584024,-50.294117,23.474783,-25.589840,-43.751949,25.018785,-26.667879,-46.426556,27.397774,-28.863201,-49.015636,29.982405,-31.218540,-51.514175
-14.196072,32.395695,0.654684,-5.726812,23.906393,-3.854722,-1.650525,22.862053,-1.861943,-0.785756,7.297475,-28.152426,22.947794,-12.509691,-36.125683,-10.948236,23.577297,-6.054379,-4.186018,16.871967,-27.067625,-14.906566,-1.218937,-21.765608,-4.350984,9.150613,-3.397904,-2.682887,9.605381,-4.585853,-4.763266,-4.989805,4.813081,-4.838162,-5.686726,5.996941,-5.848549,8.657438,-1.002406,-5.019332,-4.046069,5.962246,-5.206091,-4.749419,7.407588,-13.873863,30.105583,1.100066,-11.568877,31.263577,1.691498,-13.601527,25.424540,-2.844623,5.546597,-4.816075,10.150894,-5.194441,-4.745739,7.484778,-5.163703,-4.762312,7.531812,-5.203081,-4.856332,7.337008,-4.797433,-5.785881,5.857704,-4.782508,-5.768490,5.683015,-4.854042,-5.696281,6.171625,-12.741681,27.128225,1.508220,-12.560060,27.704969,1.710520,-11.986430,28.024673,1.821244,-11.922502,28.054121,1.237541,-9.711123,28.684132,2.987339,-7.616618,29.207939,5.704260,-6.322665,28.869047,7.710812,-6.651227,29.083324,7.254535,-7.739822,29.293167,7.484686,-9.927504,29.562080,5.363731,-12.109624,30.322098,2.575419,-12.563679,30.755342,4.144790,-12.095169,31.570446,5.740652,-12.124990,31.037628,6.614836,-12.617461,30.339809,5.612302,-11.938071,29.582920,5.913930,-12.147915,28.551319,5.107766,-12.374942,29.692551,1.219729,-11.625551,30.455204,2.250710,-12.140122,30.957716,1.652815,-12.375529,31.426023,1.564387,-12.603537,31.132532,1.368944,-8.896918,32.098480,4.863056,-9.886325,31.801914,3.889351,-10.172127,31.319698,3.714799,-10.962454,30.543245,2.741328,-10.292703,30.000366,4.067879,-9.836802,31.811600,4.359810,-9.333216,32.650154,5.240063,-9.409835,33.527496,5.909105,-10.104456,34.199242,5.819355,-10.115325,32.437366,5.947380,-9.636131,32.759129,6.975155,-8.956559,33.215679,7.853421,-9.331043,33.154949,6.886479,-9.246763,33.317669,6.496125,-11.828092,30.706974,2.739681,-11.654636,31.032730,2.970960,-12.581611,30.782719,2.454450,-13.048593,30.245481,1.960537,-12.601398,30.295561,2.080355,-11.712961,30.507757,3.171968,-9.599453,31.610929,4.776541,-10.493288,31.491755,3.458320,-10.974831,31.234280,3.008213,-10.973606,31.134928,3.018735,-10.935061,31.224258,3.082436,-10.152169,31.412487,3.744711,-11.113772,30.103653,6.649022,-11.511159,31.568510,6.183775,-10.765935,32.447983,7.656281,-8.574830,32.649479,9.266595,-6.372240,33.233284,12.150588,-4.737857,32.653381,13.106430,-2.258981,31.564367,14.712202,-3.402374,31.350527,13.728812,-4.930356,30.985418,13.331184,-7.193228,30.756237,10.214443,-9.698358,30.324396,8.220609,-10.297482,30.332344,7.462611,-10.313044,30.503885,7.557161,-10.740936,30.886398,7.378848,-8.097604,31.426432,9.452465,-4.081439,32.185452,13.640182,-3.159677,31.884167,13.286841,-4.078796,33.165707,14.393209,-7.360797,32.399147,9.971146,-9.784193,32.022366,8.319904,-12.235017,30.612354,2.973821,-10.433845,31.448732,3.441503,-17.123449,-1.442663,-20.371260,-18.569412,-2.547440,-18.828323,-18.795675,-4.655694,-15.580027,-18.746168,-5.088666,-12.473282,-18.237288,-6.153395,-9.948833,-16.159515,-3.280555,-14.247733,-16.437752,-2.377395,-12.289278,-16.256828,-1.438066,-10.532647,-15.877343,-0.985150,-8.931182,-15.677324,-2.015802,-13.992401,-15.954935,-1.793890,-11.699327,-16.530798,-1.267476,-11.115351,-16.911821,-0.707667,-11.335486,-15.295874,-1.064205,-14.426385,-15.982012,-0.846093,-13.066104,-17.245028,-0.197555,-13.077448,-18.182970,0.412539,-12.981390,-14.968122,-0.172699,-15.503080,-15.739594,0.007658,-15.171413,-17.278767,0.279935,-15.838269,-18.751770,0.770425,-16.057875,24.582626,-13.324972,-36.049305,26.446125,-16.793276,-33.757313,26.004093,-22.513128,-32.575283,22.990162,-27.030851,-29.939245,18.592754,-28.356640,-28.264790,18.266634,-28.158417,-33.531933,16.368639,-29.690500,-36.798016,20.168444,-27.033501,-41.314571,22.829723,-23.396345,-43.730602,18.628525,-27.302229,-36.111073,20.488245,-25.848850,-39.569435,21.802847,-26.100019,-39.803307,21.616642,-26.106922,-39.580299,19.220264,-26.138590,-37.969631,22.502525,-24.575272,-42.412712,27.258690,-25.466909,-45.674534,30.714619,-26.155411,-47.512531,20.193716,-24.837605,-40.261284,21.662029,-25.999903,-43.193134,23.998158,-28.310663,-45.788830,26.526423,-30.842489,-48.205502
-13.179046,32.240124,1.472420,-5.278465,23.384039,-3.796546,-1.265214,22.683931,-2.338511,-1.754153,7.629468,-25.567972,19.871607,-11.538601,-33.109318,-10.600879,22.667036,-5.748511,-3.403273,15.640529,-25.508972,-13.627712,-2.246115,-19.997902,-3.580533,8.551953,-3.456778,-1.696302,9.134857,-4.926052,-4.617126,-5.447072,4.965343,-4.685006,-6.136106,6.141494,-5.415998,7.915521,-0.635756,-5.014665,-4.482806,6.233246,-5.223572,-5.202794,7.702296,-12.886244,30.065735,1.867613,-10.854575,31.044266,2.418432,-12.752140,25.257612,-2.508122,5.489558,-5.241138,10.345525,-5.219153,-5.198061,7.784890,-5.195788,-5.211151,7.835932,-5.213893,-5.308340,7.627416,-4.634855,-6.231630,5.992215,-4.610186,-6.213098,5.807577,-4.710489,-6.146461,6.325686,-11.822422,27.037840,1.995368,-11.568764,27.547783,2.199634,-10.959763,27.784119,2.284161,-10.884282,27.738064,1.675977,-8.714263,28.241755,3.516258,-6.628881,28.715303,6.299825,-5.318976,28.388189,8.373652,-5.636848,28.655630,7.892446,-6.738256,28.881876,8.034986,-9.034636,29.165016,6.003645,-11.300145,29.889103,2.951624,-11.897076,30.224722,4.149643,-11.565503,31.013929,5.609875,-11.709972,30.481049,6.444864,-12.258751,29.819252,5.514852,-11.629634,29.133413,5.933185,-11.871815,28.175703,5.211797,-11.300531,29.626427,2.187669,-10.542726,30.371195,3.227355,-11.048580,30.874044,2.669822,-11.298895,31.345922,2.536978,-11.566960,31.059586,2.348362,-8.042915,31.924330,5.711159,-9.126625,31.623774,4.638888,-9.491436,31.125307,4.362688,-10.371478,30.342550,3.280621,-9.802409,29.765512,4.499476,-8.858436,31.603819,5.227694,-8.317825,32.390076,6.143418,-8.365992,33.247818,6.769362,-9.005047,33.897755,6.703676,-9.032389,32.099438,6.729564,-8.556664,32.411320,7.761072,-7.912566,32.846161,8.586669,-8.343168,32.790886,7.539489,-8.290096,32.948242,7.111536,-10.746441,30.570702,3.689808,-10.604640,30.906641,3.899290,-11.556077,30.672874,3.338960,-12.010129,30.136635,2.855643,-11.567646,30.167803,2.954723,-10.662326,30.362270,4.075091,-8.841396,31.361923,5.414680,-9.764237,31.276329,4.116661,-10.292738,31.011124,3.633526,-10.326138,30.879026,3.614192,-10.244793,30.978598,3.678377,-9.428149,31.166651,4.373846,-10.063543,29.662802,7.286921,-10.405238,31.217785,6.890733,-9.688909,32.108612,8.349223,-7.551828,32.268559,9.937027,-5.423176,32.832024,12.757822,-3.896548,32.177219,13.513783,-1.518213,31.021152,14.958946,-2.567992,30.866014,14.153391,-4.020292,30.567827,13.888562,-6.227846,30.366964,10.862588,-8.691642,29.968399,8.860948,-9.261042,29.944183,8.091401,-9.273716,30.056479,8.233370,-9.691874,30.557131,8.044478,-7.097032,31.076237,10.108017,-3.167548,31.750792,14.182731,-2.365550,31.367781,13.627178,-3.155491,32.696941,14.974026,-6.364741,31.952730,10.613927,-8.751441,31.607357,8.992661,-11.194882,30.493954,3.874871,-9.741027,31.214706,4.043025,-15.820572,-2.407957,-18.833805,-17.098591,-3.539927,-17.412683,-17.250414,-5.652429,-14.443691,-17.263283,-6.182338,-11.501323,-16.861738,-7.270162,-9.084663,-14.503606,-4.337250,-13.094451,-14.956015,-3.510299,-11.413390,-14.953766,-2.610052,-9.770867,-14.712533,-2.170030,-8.232626,-14.201443,-3.086840,-12.864151,-14.650563,-2.999115,-10.813414,-15.394197,-2.509140,-10.314927,-15.856910,-1.959889,-10.550973,-14.009412,-2.121305,-13.351233,-14.850374,-1.987095,-12.213739,-16.210135,-1.354895,-12.260241,-17.192453,-0.726309,-12.153829,-13.866051,-1.185088,-14.525356,-14.733923,-1.079617,-14.355113,-16.330498,-0.814139,-15.077872,-17.855280,-0.315714,-15.332986,21.567385,-12.470991,-33.229214,23.177353,-15.733447,-31.339828,22.396608,-21.062712,-30.491125,19.180668,-25.187262,-27.930149,14.833524,-26.348206,-26.425159,14.673687,-26.198843,-30.176067,12.824865,-27.618338,-33.642635,16.599394,-25.220354,-38.364754,19.305265,-21.764624,-41.022282,14.956839,-25.625711,-32.312840,16.727243,-24.283724,-36.249046,18.022511,-24.641716,-36.647770,17.941118,-24.730875,-36.602768,15.600945,-24.771498,-33.998840,18.821133,-23.422682,-38.953827,23.529907,-24.539318,-42.386429,27.021349,-25.405785,-44.244804,16.697424,-23.784548,-36.277340,18.031313,-24.994770,-39.456654,20.278923,-27.410763,-42.041950,22.703312,-30.115591,-44.357265
-12.521743,31.985868,1.956976,-5.129753,22.660913,-3.928967,-0.898452,22.310682,-2.909772,-2.418291,7.749200,-23.152443,17.012657,-10.588992,-29.837439,-10.658154,21.675018,-5.649093,-2.929421,14.594973,-23.716202,-12.221157,-3.311486,-18.178291,-3.045663,7.599388,-3.355399,-0.763987,8.390081,-5.250217,-4.457216,-5.970350,5.135386,-4.517589,-6.661873,6.331421,-5.279462,6.828297,-0.060937,-5.034964,-4.987819,6.573713,-5.269853,-5.730053,8.081427,-12.201215,29.997513,2.346459,-10.555238,30.783531,2.689747,-12.123790,25.134888,-2.420758,5.176608,-5.555432,10.641467,-5.274137,-5.724530,8.170846,-5.259641,-5.733676,8.227209,-5.252003,-5.834722,8.000942,-4.455746,-6.753693,6.169994,-4.419421,-6.733138,5.973446,-4.554587,-6.673860,6.527079,-11.121422,27.008463,2.238520,-10.788735,27.442204,2.450801,-10.129745,27.585993,2.520665,-10.016679,27.451607,1.922295,-7.838184,27.826374,3.923450,-5.742723,28.234846,6.793925,-4.474367,27.880812,8.869851,-4.829293,28.176138,8.332411,-6.023746,28.389256,8.287271,-8.483871,28.654577,6.317916,-10.877605,29.309446,2.939516,-11.658138,29.552116,3.690013,-11.479280,30.329760,4.983882,-11.726950,29.818357,5.774987,-12.323059,29.209612,4.913349,-11.745402,28.617456,5.428713,-12.009076,27.750874,4.815835,-10.464817,29.608503,2.930831,-9.716253,30.340864,3.966368,-10.241729,30.834095,3.419604,-10.535176,31.298306,3.208087,-10.862787,31.008505,3.006049,-7.619374,31.765482,6.116009,-8.805987,31.456844,4.923625,-9.261558,30.942270,4.519616,-10.235105,30.143726,3.311981,-9.761856,29.530832,4.421607,-8.253264,31.388380,5.693871,-7.674345,32.125050,6.644053,-7.700406,32.945011,7.227181,-8.288720,33.545223,7.198317,-8.269791,31.726030,7.180877,-7.814251,32.019852,8.196493,-7.224219,32.432400,8.953753,-7.740993,32.378544,7.783221,-7.737188,32.518467,7.308459,-9.926822,30.451641,4.380229,-9.839694,30.796497,4.547653,-10.843041,30.561935,3.912951,-11.291716,30.007938,3.419018,-10.826669,30.026880,3.536135,-9.883217,30.219280,4.706579,-8.488487,31.093262,5.595256,-9.450127,31.044737,4.311122,-10.042348,30.768452,3.774769,-10.120056,30.591721,3.715981,-9.988660,30.692064,3.783704,-9.122282,30.892151,4.534328,-9.221623,29.221573,7.691320,-9.572520,30.831367,7.300154,-8.920873,31.716581,8.710348,-6.873456,31.829308,10.244684,-4.866278,32.380047,12.939504,-3.464129,31.660704,13.470468,-1.215275,30.450619,14.703687,-2.130994,30.365465,14.131813,-3.469989,30.127716,14.037147,-5.584794,29.951113,11.150561,-7.958682,29.588318,9.196791,-8.458992,29.548777,8.466063,-8.467463,29.600983,8.649353,-8.933166,30.177788,8.404277,-6.433793,30.671011,10.409052,-2.641184,31.282927,14.308583,-1.993677,30.825956,13.496588,-2.624710,32.210247,15.110289,-5.705284,31.477276,10.882066,-8.009317,31.173853,9.342224,-10.451845,30.376036,4.475288,-9.471411,30.957792,4.171361,-14.385202,-3.436754,-17.280993,-15.439682,-4.661063,-15.993453,-15.416275,-6.818921,-13.318146,-15.447556,-7.478014,-10.571875,-15.120441,-8.592619,-8.311526,-12.554582,-5.565505,-11.943236,-13.157652,-4.848357,-10.527294,-13.336596,-4.007029,-8.989737,-13.242073,-3.589471,-7.515946,-12.455292,-4.321345,-11.713030,-13.055478,-4.412558,-9.907921,-13.957683,-3.978524,-9.470018,-14.489836,-3.456160,-9.695132,-12.477073,-3.329791,-12.228979,-13.444819,-3.314382,-11.311235,-14.873801,-2.724550,-11.354663,-15.879122,-2.095045,-11.208612,-12.540173,-2.333755,-13.472396,-13.474313,-2.330459,-13.441598,-15.105114,-2.087799,-14.195736,-16.660372,-1.600250,-14.457701,18.760939,-11.631097,-30.143669,20.193398,-14.554534,-28.732088,19.146709,-19.374502,-28.206156,15.728672,-23.095770,-25.685537,11.366738,-24.143892,-24.268950,11.588573,-24.064871,-26.683849,9.720394,-25.273415,-30.235294,13.380996,-23.072836,-35.055180,16.068232,-19.773813,-37.867611,11.674345,-23.775663,-28.283535,13.214252,-22.431782,-32.591244,14.467911,-22.886402,-33.187664,14.511713,-23.079943,-33.368858,12.240068,-23.239344,-29.689543,15.249722,-21.983229,-35.065659,19.862354,-23.282188,-38.678474,23.383366,-24.311903,-40.580032,13.328535,-22.584610,-31.848707,14.435728,-23.726135,-35.244938,16.569454,-26.203039,-37.837963,18.875612,-29.054598,-40.076889
-12.120351,31.388813,1.931919,-5.156109,21.747725,-4.407371,-0.564572,21.638788,-3.714956,-2.607180,7.564985,-21.686243,14.531066,-10.351467,-26.254808,-10.892570,20.710098,-5.859320,-2.370843,13.808782,-21.467150,-10.304361,-4.076559,-16.098448,-2.710027,6.441086,-3.652896,0.054241,7.470881,-6.018260,-4.239628,-6.453626,5.240999,-4.291611,-7.166359,6.518771,-5.346087,5.553915,0.133910,-5.013451,-5.475563,6.891491,-5.277127,-6.253027,8.468113,-11.762583,29.667753,2.354828,-10.569247,30.236540,2.367273,-11.699449,24.890203,-2.679169,4.547228,-5.833941,11.041006,-5.291202,-6.246936,8.565618,-5.287100,-6.253498,8.629399,-5.249839,-6.355659,8.380816,-4.217330,-7.253218,6.344110,-4.169124,-7.230330,6.135575,-4.340384,-7.180369,6.726077,-10.659336,26.814283,2.118030,-10.238090,27.180639,2.345674,-9.508914,27.240538,2.425099,-9.300202,27.027468,1.892635,-7.016312,27.288679,4.156730,-4.857121,27.604956,7.110832,-3.697718,27.153198,9.069240,-4.143042,27.418907,8.426352,-5.557548,27.547457,8.061194,-8.228127,27.725471,6.167325,-10.808812,28.261831,2.429454,-11.825437,28.434963,2.722147,-11.829192,29.224562,3.843345,-12.146708,28.762558,4.581637,-12.763150,28.219698,3.785430,-12.241689,27.729259,4.346846,-12.512158,26.969282,3.856173,-9.868356,29.360760,3.346781,-9.161268,30.073935,4.331109,-9.736276,30.535692,3.743766,-10.108614,30.972597,3.385013,-10.519835,30.662708,3.138316,-7.690790,31.293810,5.850687,-8.967832,30.965597,4.531592,-9.505034,30.437290,3.998688,-10.564938,29.617613,2.662159,-10.174726,28.974548,3.684218,-8.060019,30.853319,5.574726,-7.439512,31.552771,6.564175,-7.440533,32.321678,7.106176,-7.966934,32.844692,7.115008,-7.828056,31.056622,7.147492,-7.412903,31.321030,8.111039,-6.900735,31.696928,8.779052,-7.548118,31.631489,7.442171,-7.602119,31.733746,6.942358,-9.376275,30.080984,4.676775,-9.369635,30.421133,4.769433,-10.444032,30.167345,4.018801,-10.882997,29.588137,3.505931,-10.377724,29.604122,3.680728,-9.384346,29.811804,4.922637,-8.578791,30.496626,5.133960,-9.575333,30.478279,3.862798,-10.228882,30.187431,3.275453,-10.360777,29.959049,3.167936,-10.176652,30.052761,3.240617,-9.259059,30.277929,4.059179,-8.511997,28.579741,7.715670,-8.946541,30.166203,7.237233,-8.411606,30.990419,8.571952,-6.525696,31.038542,9.996210,-4.754453,31.567905,12.443350,-3.504702,30.808762,12.730843,-1.439715,29.573214,13.735611,-2.165187,29.592602,13.401804,-3.318824,29.414694,13.520941,-5.253409,29.272926,10.852217,-7.437102,28.967571,9.041680,-7.821143,28.949726,8.440025,-7.836277,28.918192,8.643074,-8.403829,29.485079,8.277170,-6.102270,29.922293,10.133607,-2.564406,30.496418,13.762474,-2.117662,29.989485,12.667479,-2.557147,31.443182,14.534442,-5.383848,30.717810,10.562298,-7.504142,30.491514,9.201392,-10.010234,29.980862,4.626059,-9.643923,30.361389,3.656476,-12.458915,-4.193438,-15.474343,-13.339679,-5.488952,-14.447083,-13.131145,-7.689200,-12.188042,-13.133257,-8.507519,-9.699864,-12.863540,-9.640188,-7.676029,-10.074915,-6.584435,-10.776339,-10.748387,-6.019342,-9.601332,-11.057332,-5.287373,-8.166190,-11.074672,-4.933493,-6.768517,-10.120968,-5.398983,-10.453663,-10.805090,-5.730215,-8.921285,-11.838147,-5.387169,-8.540160,-12.434798,-4.914507,-8.749831,-10.323472,-4.416349,-10.907885,-11.357849,-4.561519,-10.244184,-12.795176,-4.060017,-10.235186,-13.792949,-3.456396,-10.022839,-10.563891,-3.388664,-12.121161,-11.531543,-3.508173,-12.263275,-13.164834,-3.304841,-13.028312,-14.732724,-2.844911,-13.278955,16.341143,-11.505445,-26.697218,17.539833,-13.958439,-25.674189,16.127026,-18.106794,-25.257986,12.418434,-21.313564,-22.655378,7.989969,-22.215004,-21.228916,8.799860,-22.418058,-22.604452,6.861908,-23.187138,-25.982756,10.328262,-21.049707,-30.614653,12.906996,-17.831926,-33.317730,8.639400,-22.418686,-23.651033,9.822014,-20.899424,-28.075064,10.963497,-21.373796,-28.762358,11.092773,-21.621616,-29.115213,9.075940,-22.195951,-24.755198,11.780372,-20.825502,-30.330048,16.192116,-22.164385,-33.934101,19.647736,-23.269869,-35.746578,10.112022,-21.864304,-26.769085,10.921652,-22.737818,-30.227873,12.891350,-25.162510,-32.734100,15.030519,-28.065937,-34.850292
-12.103928,29.893198,1.545005,-5.716285,20.143148,-5.141689,-0.348720,20.335693,-4.730140,-2.029695,6.959371,-20.858664,11.833757,-11.142135,-21.928421,-11.538088,19.362638,-6.069527,-2.149244,14.344234,-17.458021,-6.878666,-4.131609,-12.870120,-2.519705,4.596219,-4.189310,0.956793,5.975599,-7.199922,-3.977519,-7.125052,5.321955,-4.018797,-7.880491,6.761785,-5.654953,3.570547,0.225821,-5.004665,-6.203206,7.331110,-5.308531,-7.026879,9.005589,-11.630963,28.611917,2.055298,-11.148686,28.883110,1.577307,-11.507115,24.082916,-3.274616,3.176970,-5.988201,11.652544,-5.335295,-7.019004,9.113944,-5.344931,-7.023393,9.189919,-5.269207,-7.125002,8.907844,-3.929205,-7.960078,6.568611,-3.866027,-7.934355,6.345400,-4.082480,-7.897040,6.983882,-10.451016,25.944670,1.794641,-9.961833,26.231853,1.998030,-9.184770,26.179813,2.085174,-8.881362,25.860344,1.629699,-6.518497,25.989281,4.212020,-4.351563,26.185673,7.181492,-3.429208,25.545530,8.862265,-4.006624,25.720875,8.170634,-5.750038,25.671381,7.348388,-8.687155,25.661867,5.516687,-11.443851,26.006460,1.419777,-12.697962,26.141846,1.258042,-12.931147,26.978767,2.143194,-13.329060,26.621132,2.683698,-13.934504,26.195663,1.946819,-13.485605,25.867682,2.467862,-13.734303,25.272663,2.123600,-9.509398,28.342310,3.839754,-8.933785,28.980730,4.645476,-9.614507,29.347826,3.937928,-10.116597,29.719824,3.315591,-10.682486,29.387127,2.950534,-8.407565,29.917233,5.113748,-9.763457,29.556459,3.629034,-10.388103,29.029512,2.937078,-11.562951,28.202303,1.420207,-11.327766,27.542841,2.287040,-8.485529,29.427555,5.096206,-7.835512,30.092279,6.106162,-7.824151,30.783249,6.569968,-8.275733,31.202003,6.592591,-7.971152,29.503916,6.699926,-7.623436,29.739973,7.549706,-7.246179,30.073526,8.079445,-8.050685,29.977448,6.598026,-8.169405,30.008614,6.104023,-9.183685,28.913292,4.873359,-9.292223,29.227406,4.824237,-10.435274,28.955681,3.897707,-10.871139,28.376085,3.372417,-10.330475,28.401270,3.631703,-9.294788,28.629351,4.953444,-9.425730,29.028803,4.074821,-10.421268,29.027681,2.835590,-11.106358,28.716597,2.230831,-11.333135,28.456202,2.010985,-11.083600,28.543861,2.132687,-10.137895,28.787464,3.047652,-8.197373,27.114437,7.397022,-8.744679,28.620996,6.786174,-8.401339,29.345665,8.016167,-6.815898,29.300953,9.253258,-5.447368,29.794004,11.275393,-4.447357,29.006960,11.208591,-2.648949,27.780743,11.969974,-3.133628,27.908695,11.862679,-3.981928,27.780964,12.252122,-5.581787,27.678261,9.957506,-7.385664,27.451057,8.436910,-7.602303,27.513710,8.029645,-7.681386,27.382021,8.218275,-8.370438,27.870110,7.703678,-6.426466,28.217335,9.317251,-3.359095,28.800339,12.466993,-3.158547,28.251076,11.090854,-3.371740,29.759703,13.161999,-5.750799,29.031393,9.601221,-7.519724,28.923840,8.575972,-9.961886,28.792664,4.560266,-10.551729,28.885607,2.547426,-9.118684,-4.368850,-12.688594,-9.734893,-5.754576,-12.270597,-9.128411,-8.002251,-10.749299,-8.866969,-9.102473,-8.556851,-8.535629,-10.202747,-6.778481,-5.580136,-7.420142,-9.253715,-6.110399,-7.303633,-8.348611,-6.460348,-6.978191,-7.006190,-6.550070,-6.923673,-5.693144,-5.776585,-6.458802,-8.675310,-6.369611,-7.440234,-7.449333,-7.539394,-7.495605,-7.084151,-8.221910,-7.273866,-7.226409,-6.219480,-5.574167,-8.879422,-7.173604,-6.228801,-8.502016,-8.567172,-6.122458,-8.314328,-9.539299,-5.730783,-7.945853,-6.715153,-4.562015,-9.864378,-7.645039,-5.028587,-10.224482,-9.247246,-5.028511,-10.949822,-10.807542,-4.722340,-11.121449,13.678993,-12.427257,-22.399546,14.563555,-14.282411,-21.839956,12.681884,-17.430773,-21.501928,8.573531,-19.880096,-18.731560,3.984898,-20.618637,-17.155178,5.315012,-20.935648,-17.637562,3.341285,-20.898439,-20.643303,6.517540,-18.767811,-24.765879,8.891837,-15.615744,-27.058573,4.848811,-21.210421,-17.973476,5.577888,-19.227247,-22.243544,6.333629,-19.654392,-22.565956,6.292349,-19.912935,-22.753201,5.132435,-21.344187,-18.643332,7.527160,-19.610832,-24.194080,11.582994,-21.025173,-27.341225,14.815783,-22.293692,-28.725439,6.138576,-21.420341,-20.393417,6.720963,-21.796263,-23.727613,8.502069,-24.131838,-25.874916,10.405791,-27.088543,-27.668686
-14.699931,29.485191,-0.120277,-8.295947,18.015434,-6.268061,-0.027658,19.543240,-5.998900,-0.023978,6.606763,-20.537569,10.900788,-9.830499,-19.908298,-15.186088,17.196821,-6.531707,-5.291906,15.899800,-12.331893,-4.185044,-4.688883,-9.103305,-3.058100,0.604352,-2.774302,2.418039,2.898617,-7.510210,-4.192112,-9.037133,5.066040,-4.216557,-9.828942,6.602944,-7.412601,-0.643776,2.975492,-5.910390,-8.096929,7.866969,-6.304053,-8.942876,9.637270,-13.802073,29.028654,0.626980,-14.762760,28.634438,-1.106145,-13.166634,24.814508,-5.335413,0.710837,-4.768086,12.584908,-6.361097,-8.931007,9.780503,-6.400758,-8.930109,9.893093,-6.236309,-9.051599,9.509438,-4.086200,-9.908299,6.371953,-3.983779,-9.872920,6.112352,-4.319096,-9.853148,6.861755,-11.813526,26.908752,0.534880,-11.224774,27.051813,0.659193,-10.322175,26.815331,0.762696,-9.892265,26.244905,0.466316,-7.220916,26.149967,3.625031,-4.966410,26.089592,6.899232,-4.514697,25.062542,8.127055,-5.407914,24.890621,7.492185,-7.774090,24.516838,5.989748,-11.275684,24.229244,3.971117,-14.412461,24.255039,-0.555115,-16.087957,24.365639,-1.427492,-16.694040,25.283276,-0.998267,-17.354481,25.074886,-0.926279,-18.074932,24.847071,-1.829180,-17.789497,24.818665,-1.635599,-18.076551,24.423613,-1.997244,-10.865491,29.254950,3.627261,-10.527571,29.816317,4.173979,-11.513099,30.007071,3.190617,-12.300532,30.225412,2.214264,-13.164383,29.784948,1.601821,-11.764872,30.129507,2.856129,-13.332151,29.640089,1.075361,-14.169820,29.036034,0.101822,-15.547811,28.069427,-1.703482,-15.516452,27.333035,-1.127891,-11.283222,29.652317,3.304976,-10.538072,30.271940,4.366894,-10.494292,30.747374,5.017922,-10.885270,30.962168,5.130991,-10.170783,29.366617,5.457500,-9.957139,29.567211,6.181780,-9.787912,29.861439,6.586241,-10.831236,29.657351,4.930184,-11.115773,29.606741,4.312831,-10.867288,29.507805,4.177621,-11.178407,29.757345,3.896774,-12.558245,29.380619,2.642785,-13.128482,28.725410,1.972629,-12.420489,28.830658,2.462573,-11.177257,29.169153,4.013557,-12.918828,28.934952,1.475014,-14.002396,28.884403,0.220352,-14.809360,28.477747,-0.480877,-15.187171,28.149149,-0.904063,-14.828632,28.253309,-0.644727,-13.753898,28.591713,0.482684,-9.409284,27.043072,6.746979,-10.333025,28.313980,5.800608,-10.358283,28.968985,6.785598,-9.188233,28.778210,7.778092,-8.327787,29.222958,9.219039,-7.636447,28.410114,8.756975,-6.110393,27.201105,9.049891,-6.244969,27.250814,9.311265,-6.643263,27.064684,9.997262,-7.774794,26.979387,8.303298,-9.064570,26.865831,7.233584,-8.954134,27.185781,7.161208,-9.109487,27.197666,7.352109,-10.235662,27.396477,6.473461,-8.775138,27.618954,7.756164,-6.318943,28.283379,10.185613,-6.409611,27.681530,8.460019,-6.249177,29.133322,10.764315,-8.019617,28.400789,7.805356,-9.325987,28.471876,7.270352,-11.975616,29.292107,3.390480,-14.243728,28.691376,-0.197193,-6.474119,-5.168641,-9.753003,-6.202121,-7.237195,-9.705059,-4.362627,-9.972229,-8.434506,-3.466167,-11.559292,-6.451918,-2.703372,-12.646834,-4.843139,-0.348429,-10.029825,-6.694763,-0.590404,-10.760401,-6.029346,-0.994247,-11.119816,-4.706540,-1.184196,-11.576467,-3.405737,-1.034949,-9.182732,-5.938192,-1.480900,-11.247286,-4.782177,-2.648079,-12.166596,-3.929658,-3.226919,-12.613649,-3.556109,-2.028882,-8.246054,-5.948532,-2.784910,-9.905036,-5.497208,-4.051595,-10.731643,-4.774882,-4.876815,-10.984740,-3.947954,-3.082026,-7.073061,-6.748923,-3.840210,-8.278347,-6.969592,-5.291524,-8.867991,-7.382318,-6.696410,-9.084126,-7.206262,12.674325,-11.083299,-20.424419,14.222462,-11.794131,-20.791761,12.732692,-14.099238,-20.510794,8.425807,-16.683163,-17.355558,3.525681,-17.958929,-15.226931,4.655280,-18.062565,-14.799276,2.285294,-17.595190,-17.416750,4.782766,-15.609690,-21.116924,6.626897,-12.766933,-23.065012,3.245294,-18.782497,-14.207739,3.332062,-16.282291,-18.534401,3.261580,-16.708115,-18.258636,2.498980,-17.174221,-17.849533,2.867629,-19.317518,-14.331641,4.721949,-17.278959,-20.294870,8.326494,-19.002188,-23.441910,11.295838,-20.736488,-24.659365,3.379858,-19.796059,-15.792493,3.686672,-19.871376,-19.489899,5.226920,-22.215281,-21.537506,6.796247,-25.368303,-23.060242
-17.798992,28.074505,-3.275898,-11.089934,15.554736,-7.327891,-0.592166,18.313828,-7.040848,0.895580,6.309132,-19.005886,10.569753,-8.756057,-17.695625,-18.408672,14.845161,-7.225518,-8.657819,17.389027,-8.511604,-1.630888,-4.859304,-5.895443,-4.308087,-2.640249,-1.421495,2.858979,0.315231,-7.414093,-4.321171,-10.157309,4.711808,-4.336654,-10.946582,6.216757,-9.419000,-3.899690,5.084030,-6.467024,-9.205079,8.066766,-6.910449,-10.047048,9.879580,-16.506859,28.278603,-2.360375,-18.523617,27.345013,-5.006316,-15.222569,24.438076,-8.185472,-1.640714,-2.969112,12.756284,-6.987674,-10.032614,10.053768,-7.047126,-10.024506,10.199054,-6.826663,-10.162015,9.726160,-4.183928,-11.026647,5.961474,-4.057131,-10.985012,5.679949,-4.463439,-10.975914,6.498466,-13.744223,26.654907,-1.791920,-13.186817,26.691341,-1.765755,-12.283925,26.344446,-1.658423,-11.841496,25.574617,-1.832995,-9.067101,25.389582,1.646566,-6.856873,25.149778,5.110011,-6.807685,23.845919,6.053782,-7.928987,23.356056,5.525885,-10.729336,22.706295,3.547568,-14.521338,22.134916,1.383919,-17.756226,21.823505,-3.348151,-19.614395,21.887960,-4.630075,-20.397423,22.857807,-4.527654,-21.125786,22.754021,-4.763354,-21.887255,22.668301,-5.872906,-21.724949,22.855141,-6.008733,-21.998180,22.600676,-6.385911,-13.026140,29.031548,1.551903,-12.930565,29.561295,1.791523,-14.168200,29.596903,0.572920,-15.227861,29.659824,-0.687862,-16.330420,29.077652,-1.505734,-15.678449,29.217081,-0.938327,-17.294413,28.571287,-2.826095,-18.207485,27.892305,-3.898055,-19.623262,26.792105,-5.814181,-19.665836,26.009485,-5.384333,-14.775515,28.842203,-0.177871,-13.999674,29.445396,0.916781,-13.966927,29.723301,1.713972,-14.328372,29.741108,2.012119,-13.340348,28.245005,2.562690,-13.233212,28.423849,3.217314,-13.192281,28.689074,3.568669,-14.348714,28.356878,1.834376,-14.701708,28.260931,1.105818,-13.374210,28.963696,1.720016,-13.888232,29.177969,1.195364,-15.428272,28.663061,-0.269879,-16.076780,27.895323,-1.043131,-15.219057,28.068275,-0.353748,-13.831198,28.529234,1.371930,-16.802874,27.727970,-2.417532,-17.902115,27.648304,-3.619929,-18.773500,27.158546,-4.370197,-19.197004,26.743370,-4.859702,-18.790890,26.829679,-4.542386,-17.676802,27.275845,-3.345781,-11.872463,26.085672,4.409983,-13.073921,27.074799,3.183821,-13.340116,27.672823,4.035638,-12.480799,27.366648,4.818735,-11.991410,27.785912,5.820327,-11.480072,26.974123,5.176549,-10.113646,25.823421,5.205371,-9.997316,25.830244,5.709000,-10.080464,25.605461,6.571309,-10.893990,25.531338,5.284366,-11.826858,25.482584,4.500664,-11.515162,26.018366,4.626937,-11.752532,26.168243,4.851894,-13.147020,25.995359,3.751105,-12.032475,26.123791,4.807239,-10.036071,26.910736,6.743237,-10.264482,26.308638,4.829732,-9.906655,27.750456,7.107047,-11.204701,27.014936,4.630347,-12.207855,27.209179,4.383869,-14.769032,28.624495,0.517122,-18.203806,27.379025,-4.095113,-3.828339,-5.679949,-7.311658,-2.881474,-8.341145,-7.650522,-0.036631,-11.585007,-6.395838,1.326634,-13.634897,-4.403583,2.354346,-14.706404,-2.797415,4.360255,-12.339035,-4.425657,4.273146,-13.840228,-3.780734,3.736788,-14.807222,-2.304903,3.363610,-15.690087,-0.900474,3.254532,-11.579544,-3.479169,2.835413,-14.575319,-2.200492,1.591532,-16.238529,-0.776670,1.005645,-17.252966,0.111130,1.796800,-10.572664,-3.291795,1.089357,-13.099123,-2.614424,-0.205682,-14.671528,-1.370743,-1.023157,-15.422707,-0.134945,0.281482,-9.235353,-3.869503,-0.407306,-11.093573,-3.820853,-1.830706,-12.163241,-3.939728,-3.173988,-12.802991,-3.458109,12.258754,-9.990696,-18.325178,14.272684,-9.964773,-19.355673,13.210746,-11.831908,-19.128286,9.093841,-14.702304,-15.757405,4.254657,-16.478867,-13.461210,5.048962,-16.369865,-12.637501,2.155618,-15.834614,-14.601583,4.015885,-13.990446,-17.872486,5.333259,-11.437775,-19.561316,3.064382,-17.400684,-11.471331,2.549644,-14.697070,-15.638922,1.966296,-15.118147,-15.081467,0.794320,-15.743546,-14.392576,2.220567,-18.116522,-11.124535,3.562156,-16.027744,-17.229490,7.011237,-17.981241,-20.572235,10.013515,-20.017372,-21.898075,2.324521,-18.727818,-12.204139,2.406038,-18.640844,-16.175156,3.857713,-20.909414,-18.238646,5.309822,-24.069078,-19.656334
-20.335627,27.168367,-6.086753,-13.507523,14.167712,-8.257724,-1.567027,17.830620,-8.063716,0.551171,5.871587,-16.116072,8.707579,-8.305051,-13.083379,-20.885118,13.573702,-7.921267,-10.381007,18.502094,-5.311365,1.452223,-6.440397,-2.048657,-5.438043,-4.643203,-0.867481,2.888350,-1.291788,-7.737144,-4.191092,-10.511506,4.271853,-4.193412,-11.295990,5.734274,-10.954795,-5.845732,6.140756,-6.572398,-9.580897,7.941317,-7.039296,-10.428419,9.766158,-18.828587,27.863182,-5.086752,-21.527527,26.464684,-8.319181,-17.039864,24.359230,-10.682525,-3.260302,-1.290591,12.647189,-7.128187,-10.416992,9.957596,-7.199307,-10.413790,10.121543,-6.946146,-10.547860,9.597766,-4.026078,-11.376675,5.463155,-3.884261,-11.326509,5.168252,-4.335053,-11.333040,6.029942,-15.484657,26.647341,-3.927306,-14.951149,26.616602,-3.990716,-14.046774,26.197588,-3.897580,-13.603605,25.281328,-4.012096,-10.740556,25.047911,-0.314733,-8.563555,24.667940,3.282940,-8.789839,23.145084,4.055648,-10.060599,22.373636,3.667357,-13.152622,21.496532,1.475682,-17.133053,20.692709,-0.795575,-20.443592,20.109432,-5.594436,-22.430042,20.134956,-7.030956,-23.350803,21.121691,-7.178116,-24.128056,21.076315,-7.645446,-24.926825,21.061628,-8.934318,-24.870632,21.361994,-9.371327,-25.129137,21.174389,-9.800989,-14.985909,29.030745,-0.470820,-15.076513,29.532892,-0.470136,-16.503864,29.438250,-1.860612,-17.777149,29.357931,-3.318318,-19.050383,28.645447,-4.275055,-19.011368,28.538433,-4.259246,-20.630079,27.738230,-6.167428,-21.564697,26.988245,-7.257474,-22.976437,25.778049,-9.208730,-23.048782,24.971678,-8.855080,-17.726501,28.314703,-3.238737,-16.920567,28.914791,-2.087578,-16.871920,29.038143,-1.128766,-17.206419,28.906515,-0.677386,-16.040926,27.494085,0.027055,-15.996025,27.665703,0.660612,-16.020741,27.906427,1.028993,-17.254641,27.451923,-0.758513,-17.629234,27.335077,-1.550067,-15.583800,28.705868,-0.567017,-16.253578,28.872620,-1.282253,-17.919647,28.226469,-2.893402,-18.624592,27.372677,-3.742815,-17.654604,27.599646,-2.919781,-16.150768,28.179548,-1.058841,-20.012228,26.829311,-5.662504,-21.121037,26.703438,-6.825690,-22.031492,26.145697,-7.598310,-22.468218,25.659605,-8.104615,-22.029163,25.731951,-7.760007,-20.896324,26.278790,-6.535015,-14.020234,25.542452,2.372736,-15.410600,26.237173,0.916718,-15.825379,26.780972,1.689051,-15.200252,26.367315,2.293040,-14.963929,26.740217,2.996704,-14.550063,25.958181,2.303632,-13.277794,24.879271,2.230659,-12.986611,24.875425,2.836633,-12.846029,24.634710,3.792621,-13.463531,24.589718,2.760249,-14.165701,24.603016,2.151179,-13.733070,25.310400,2.403397,-14.046030,25.556034,2.691450,-15.592763,25.003048,1.388780,-14.701581,25.039423,2.297519,-13.007585,25.919748,3.932297,-13.310432,25.379309,1.989843,-12.848281,26.843929,4.155176,-13.841547,26.138901,1.989984,-14.655146,26.430815,1.917864,-17.198412,28.233332,-2.074421,-21.454624,26.370468,-7.330338,-0.703611,-7.645408,-4.076718,0.745995,-10.544978,-4.779469,4.248193,-13.989206,-3.707592,5.886007,-16.321217,-1.789379,7.060954,-17.269014,-0.216912,8.894578,-15.673482,-1.537859,8.824732,-17.783669,-0.985904,8.063760,-19.254333,0.581055,7.428366,-20.488840,2.073708,7.409960,-15.107996,-0.484970,6.839928,-18.770826,0.769606,5.352921,-20.968287,2.641533,4.585155,-22.377264,3.936631,5.539486,-14.101912,-0.196533,4.704486,-17.232656,0.541652,3.232880,-19.355820,2.224335,2.294455,-20.457558,3.816820,3.638953,-12.662830,-0.654905,2.893670,-14.986656,-0.460292,1.412314,-16.414566,-0.300314,0.033153,-17.373232,0.464535,10.370579,-9.646571,-13.856356,12.449644,-9.134450,-15.565676,11.377773,-10.553980,-15.670855,7.228448,-13.345157,-12.336467,2.460804,-15.305497,-10.259254,3.225424,-15.093841,-7.899837,-0.166392,-14.511494,-9.559473,1.148975,-12.972584,-12.810283,2.045043,-10.799356,-14.617857,0.937570,-16.387970,-6.186774,-0.069044,-13.650640,-10.641396,-1.057402,-14.064757,-10.308634,-2.516362,-14.771907,-9.810943,-0.098372,-17.316893,-5.531795,0.840666,-15.388720,-12.088201,4.118650,-17.668938,-15.748788,7.122221,-20.056421,-17.304781,-0.133605,-18.131102,-6.480386,-0.261422,-18.005754,-10.860948,1.131461,-20.290951,-12.996695,2.487082,-23.519661,-14.358191
-22.399624,26.593756,-8.362941,-15.732081,13.463050,-9.057510,-2.770547,17.701719,-9.076662,-0.517088,5.041692,-12.492723,5.631253,-8.034068,-7.309036,-22.945972,13.141834,-8.461624,-11.026123,19.762335,-2.195761,4.846476,-9.064157,2.396477,-6.644031,-5.958525,-0.508770,2.532079,-2.385410,-8.059184,-3.943086,-10.467285,3.940446,-3.930328,-11.256088,5.394440,-12.325382,-7.042892,6.822706,-6.443681,-9.566342,7.770466,-6.922485,-10.435768,9.608577,-20.827389,27.682898,-7.336161,-23.969685,25.871071,-10.950515,-18.646137,24.586243,-12.666138,-4.425422,0.030525,12.588953,-7.017680,-10.430566,9.806884,-7.095126,-10.437308,9.978396,-6.823540,-10.558732,9.433179,-3.752166,-11.337313,5.113004,-3.601008,-11.277418,4.810175,-4.081157,-11.302255,5.698321,-17.069448,26.887072,-5.743559,-16.512499,26.822464,-5.852749,-15.566586,26.355854,-5.770040,-15.115885,25.319965,-5.876493,-12.181815,25.042694,-2.055933,-10.037813,24.546597,1.601626,-10.422646,22.849367,2.276075,-11.791342,21.829521,1.990353,-15.069559,20.757553,-0.292457,-19.197121,19.773247,-2.665047,-22.578079,18.980400,-7.467135,-24.655987,18.957155,-8.958590,-25.687956,19.919930,-9.317313,-26.523165,19.904831,-9.950911,-27.371059,19.911989,-11.360181,-27.420649,20.275042,-12.029185,-27.673277,20.120522,-12.494245,-16.771053,29.213114,-2.246297,-16.993896,29.683800,-2.405062,-18.558187,29.476978,-3.906274,-19.974350,29.264629,-5.487407,-21.341543,28.448051,-6.516858,-21.833153,28.056803,-7.038847,-23.432547,27.121958,-8.923839,-24.369751,26.315653,-10.028676,-25.752874,25.017723,-11.975296,-25.834780,24.197935,-11.670506,-20.167807,27.988073,-5.744983,-19.334145,28.587822,-4.550272,-19.244724,28.595366,-3.455830,-19.547407,28.346659,-2.891579,-18.264902,27.017466,-2.104064,-18.250050,27.186823,-1.479385,-18.311743,27.414238,-1.081753,-19.592756,26.852858,-2.919654,-19.969130,26.721281,-3.724888,-17.511440,28.674330,-2.508308,-18.292036,28.775604,-3.369157,-20.051304,28.005779,-5.077660,-20.791515,27.091078,-5.977871,-19.745314,27.368721,-5.073172,-18.156912,28.065840,-3.112899,-22.638441,26.200111,-8.297987,-23.758629,26.017195,-9.453813,-24.693413,25.406979,-10.243314,-25.135307,24.866955,-10.747357,-24.665604,24.932640,-10.384334,-23.526367,25.569708,-9.141981,-15.810099,25.281084,0.649264,-17.329878,25.709591,-0.967976,-17.831312,26.209929,-0.268985,-17.392958,25.696642,0.173532,-17.327454,26.017204,0.670696,-16.960207,25.273224,-0.015960,-15.732791,24.272017,-0.126142,-15.336450,24.273645,0.514745,-15.039338,24.030609,1.530320,-15.525707,24.017635,0.691394,-16.062309,24.091078,0.205229,-15.557899,24.922379,0.526911,-15.961963,25.230167,0.864285,-17.583509,24.358381,-0.591258,-16.838493,24.319118,0.215758,-15.347910,25.256754,1.621448,-15.673275,24.791603,-0.265696,-15.172939,26.280506,1.762753,-15.973652,25.618851,-0.188694,-16.656147,25.985754,-0.141566,-19.282099,28.062353,-4.234339,-24.103401,25.640808,-9.970469,2.668832,-10.704851,-0.064766,4.504773,-13.653604,-1.110439,8.446304,-17.109756,-0.397392,10.227381,-19.600739,1.284036,11.479682,-20.338884,2.678763,13.316755,-19.929926,1.984862,13.122703,-22.528637,2.360627,12.057172,-24.428082,4.044011,11.103061,-25.971094,5.701258,11.472081,-19.630682,3.122847,10.572660,-23.757877,4.236125,8.695355,-26.343210,6.566953,7.607680,-28.030773,8.304353,9.205247,-18.662254,3.459253,8.080480,-22.192734,4.131539,6.317422,-24.750376,6.293857,5.164861,-26.122337,8.301607,6.947231,-17.138660,3.038229,6.032767,-19.792627,3.281384,4.427439,-21.507893,3.764263,2.936598,-22.734327,4.865809,7.314594,-9.557046,-8.289179,9.315142,-8.719311,-10.755898,8.066640,-9.646938,-11.416225,3.713211,-12.087831,-8.274172,-1.085789,-14.037950,-6.581592,-0.043538,-13.701626,-1.957577,-3.795839,-12.895364,-3.609714,-3.002819,-11.664676,-7.010073,-2.508004,-9.863069,-9.043331,-2.549704,-15.140209,0.334885,-3.885894,-12.300015,-4.742551,-5.304669,-12.657609,-4.805745,-7.070377,-13.393161,-4.675727,-3.687262,-16.265257,1.242151,-3.042320,-14.479641,-6.003062,-0.069522,-17.158180,-9.969396,2.796611,-19.996294,-11.751624,-3.767800,-17.323400,0.295145,-4.072313,-17.151081,-4.593302,-2.774059,-19.553232,-6.787624,-1.567911,-22.969765,-8.092466
-23.844032,26.099066,-9.910697,-17.566093,13.119233,-9.623915,-3.956803,17.623198,-9.839754,-1.864869,3.954594,-8.565402,1.977597,-7.727775,-1.206657,-24.486790,13.194870,-8.836365,-10.790481,21.047966,0.708812,8.181149,-12.189313,6.720880,-7.847929,-6.762453,-0.210879,1.907700,-3.107834,-8.234067,-3.579575,-10.088351,3.758800,-3.553958,-10.895576,5.246240,-13.505123,-7.690973,7.246705,-6.104609,-9.230865,7.595422,-6.586329,-10.139509,9.457138,-22.309135,27.481182,-8.909434,-25.705530,25.339109,-12.727032,-19.894495,24.778315,-14.017248,-5.266777,0.943975,12.585508,-6.683381,-10.142500,9.652907,-6.762763,-10.159151,9.822148,-6.484634,-10.264065,9.282520,-3.369308,-10.976480,4.961408,-3.214417,-10.906917,4.657475,-3.708385,-10.951085,5.551260,-18.338030,27.026497,-7.032156,-17.743107,26.957352,-7.159019,-16.755926,26.467422,-7.101722,-16.304850,25.344294,-7.238811,-13.333084,25.037218,-3.381657,-11.222551,24.456701,0.286896,-11.676493,22.625444,0.927952,-13.081040,21.417385,0.744879,-16.443369,20.197531,-1.530977,-20.662418,19.073627,-3.999505,-24.083885,18.126375,-8.752424,-26.208475,18.055426,-10.213141,-27.316391,18.973955,-10.742417,-28.206507,18.973305,-11.504442,-29.100531,18.978800,-13.010853,-29.242096,19.370512,-13.853219,-29.489103,19.235519,-14.334890,-18.192001,29.287708,-3.536380,-18.496609,29.732193,-3.787679,-20.142101,29.442621,-5.338783,-21.635578,29.127247,-6.983531,-23.033865,28.241865,-8.031384,-23.966663,27.568033,-9.033466,-25.531828,26.531914,-10.881852,-26.455366,25.687496,-11.993947,-27.792568,24.329304,-13.912839,-27.868855,23.504658,-13.639965,-21.956356,27.626350,-7.503926,-21.103369,28.223028,-6.276875,-20.968245,28.145393,-5.082199,-21.236341,27.811796,-4.427551,-19.900597,26.551069,-3.615585,-19.892879,26.718395,-2.990059,-19.968546,26.943769,-2.554312,-21.263432,26.301561,-4.416879,-21.629923,26.160803,-5.211613,-18.983932,28.573051,-3.875031,-19.834518,28.608074,-4.837846,-21.649059,27.736074,-6.599981,-22.403807,26.781281,-7.533266,-21.309727,27.099264,-6.576140,-19.675493,27.894176,-4.558295,-24.541985,25.613104,-10.133731,-25.667433,25.381056,-11.292132,-26.615549,24.736967,-12.095387,-27.057167,24.156647,-12.587887,-26.561325,24.215576,-12.212760,-25.426624,24.926016,-10.961982,-17.160000,25.012547,-0.554948,-18.750536,25.221037,-2.278856,-19.285389,25.690601,-1.630755,-18.979328,25.096888,-1.315774,-19.019175,25.371132,-0.952608,-18.667215,24.665829,-1.591786,-17.466356,23.733624,-1.697357,-17.009552,23.755169,-1.063140,-16.611792,23.516048,-0.012156,-17.019915,23.534496,-0.728041,-17.447699,23.655439,-1.138782,-16.917292,24.566786,-0.798707,-17.407101,24.906708,-0.413694,-19.037779,23.785042,-1.974360,-18.375366,23.690819,-1.224337,-17.014706,24.661913,0.017111,-17.341410,24.276852,-1.773620,-16.842484,25.795609,0.124834,-17.533285,25.181736,-1.692152,-18.135845,25.594995,-1.586774,-20.851521,27.834038,-5.747959,-26.010735,24.976152,-11.809417,5.909770,-14.260438,3.956982,8.060740,-17.129618,2.599665,12.301445,-20.462278,2.847235,14.142516,-23.012251,4.186660,15.448612,-23.497738,5.331882,17.284042,-24.436453,5.401404,16.861794,-27.381573,5.574309,15.437932,-29.599241,7.410949,14.124377,-31.368240,9.292483,15.104294,-24.434229,6.638049,13.776006,-28.838902,7.576752,11.410347,-31.666117,10.369318,9.905728,-33.507648,12.560193,12.476290,-23.528662,7.011599,10.978517,-27.272526,7.565072,8.853894,-30.138756,10.236896,7.422679,-31.689926,12.698639,9.907719,-21.944363,6.594481,8.768148,-24.806971,6.838904,6.995225,-26.735924,7.666296,5.337250,-28.167000,9.137958,3.657954,-9.476829,-2.450605,5.454463,-8.530564,-5.675350,3.901010,-8.987060,-7.038470,-0.800244,-10.872466,-4.189879,-5.828367,-12.672721,-2.935619,-3.996360,-12.034946,4.105483,-7.914061,-10.796569,2.190684,-7.584831,-9.774508,-1.472700,-7.452921,-8.258426,-3.795867,-6.596678,-13.441055,6.962805,-8.091088,-10.379327,1.077381,-9.900798,-10.627789,0.504509,-11.957447,-11.351784,0.135805,-7.743203,-14.686643,8.101740,-7.278802,-12.947503,0.080667,-4.711387,-16.027557,-4.110309,-2.117762,-19.349442,-6.056858,-7.798378,-15.978816,7.120724,-8.207470,-15.704995,1.690780,-7.038168,-18.276279,-0.515539,-6.040655,-21.942438,-1.722919
-24.710041,25.581984,-10.752166,-18.955681,12.921202,-9.935076,-4.993860,17.507618,-10.271242,-3.310556,2.876714,-4.527442,-1.781377,-7.182097,4.865039,-25.538532,13.397474,-9.078876,-9.931513,22.010143,3.236618,11.268684,-15.475150,10.481834,-8.871453,-7.224940,0.054650,1.253617,-3.566311,-8.259752,-3.125406,-9.493683,3.709669,-3.089206,-10.328410,5.255022,-14.416109,-8.005586,7.505241,-5.619385,-8.696073,7.450612,-6.098521,-9.654442,9.342191,-23.246443,27.181906,-9.788192,-26.786560,24.795347,-13.703520,-20.738453,24.798622,-14.773875,-5.889411,1.554716,12.589082,-6.195218,-9.666346,9.530466,-6.274462,-9.691172,9.692395,-5.995763,-9.778393,9.173060,-2.901455,-10.407718,4.972054,-2.746633,-10.329131,4.672036,-3.243456,-10.392814,5.556020,-19.208181,26.962965,-7.742303,-18.580286,26.904308,-7.873381,-17.566187,26.406221,-7.853805,-17.122555,25.222378,-8.037115,-14.142137,24.893843,-4.199598,-12.068006,24.253452,-0.538985,-12.554545,22.314810,0.096058,-13.957177,20.975401,0.023412,-17.341467,19.652538,-2.194918,-21.606314,18.422482,-4.758024,-25.039154,17.364109,-9.438229,-27.177950,17.261501,-10.823843,-28.328415,18.137432,-11.480472,-29.262543,18.148104,-12.347337,-30.188332,18.153027,-13.940145,-30.401581,18.558777,-14.915103,-30.638813,18.443598,-15.399275,-19.161861,29.177576,-4.240877,-19.510912,29.605282,-4.540472,-21.196899,29.263300,-6.103325,-22.721497,28.878239,-7.771095,-24.116823,27.955067,-8.810184,-25.412279,27.028521,-10.219007,-26.937840,25.926800,-12.036347,-27.841135,25.061995,-13.151286,-29.129648,23.669130,-15.038452,-29.197552,22.845238,-14.795659,-23.111347,27.170479,-8.508241,-22.247019,27.758245,-7.257856,-22.073513,27.612951,-5.995395,-22.312077,27.220079,-5.271932,-20.970682,26.007210,-4.467221,-20.957741,26.171810,-3.834378,-21.033617,26.403364,-3.358311,-22.319105,25.707060,-5.219008,-22.671511,25.563322,-5.994805,-19.955582,28.315882,-4.602879,-20.846102,28.298025,-5.633816,-22.688051,27.350790,-7.425383,-23.443142,26.369665,-8.383618,-22.318905,26.714523,-7.386002,-20.669426,27.580357,-5.341425,-25.763607,25.001472,-11.179857,-26.887320,24.740128,-12.337918,-27.844387,24.077785,-13.155360,-28.284447,23.467615,-13.638149,-27.766666,23.514633,-13.253288,-26.640345,24.278578,-11.995206,-18.055931,24.635128,-1.173054,-19.680294,24.666599,-2.972308,-20.217192,25.117168,-2.359162,-20.001955,24.463657,-2.136329,-20.109962,24.700272,-1.868912,-19.763050,24.031656,-2.443744,-18.594183,23.153624,-2.534105,-18.097773,23.203793,-1.920176,-17.634512,22.967844,-0.844998,-17.994751,23.015053,-1.487350,-18.348982,23.170341,-1.850836,-17.816639,24.129910,-1.514967,-18.373730,24.483368,-1.086374,-19.977560,23.168600,-2.720750,-19.362251,23.034109,-2.000878,-18.091869,24.025476,-0.881099,-18.420546,23.721447,-2.571982,-17.937517,25.272320,-0.775812,-18.562593,24.706629,-2.501905,-19.114920,25.144529,-2.378270,-21.879335,27.475639,-6.579524,-27.225536,24.315273,-12.854028,8.861521,-17.935472,7.474981,11.293052,-20.647047,5.810432,15.743999,-23.758856,5.513079,17.596315,-26.301083,6.471616,18.952213,-26.537014,7.355051,20.678324,-28.737541,8.203974,19.974981,-31.894705,8.210273,18.171019,-34.321194,10.232965,16.476042,-36.224106,12.370179,18.195572,-29.032032,9.595523,16.415041,-33.570030,10.395231,13.516778,-36.522812,13.648505,11.545850,-38.414501,16.286665,15.254618,-28.210873,10.044724,13.375825,-32.033257,10.487643,10.854151,-35.103558,13.679399,9.103049,-36.753868,16.609926,12.433348,-26.601767,9.655527,11.062399,-29.579607,9.894152,9.097230,-31.657709,11.065470,7.233296,-33.231014,12.915514,-0.151574,-9.165462,3.330230,1.332123,-8.280986,-0.633399,-0.595241,-8.323730,-2.807890,-5.701816,-9.549042,-0.349270,-11.085075,-11.131724,0.433732,-8.018323,-10.004272,9.790196,-11.970155,-8.238151,7.449238,-12.064536,-7.346450,3.445165,-12.267487,-6.054648,0.768604,-10.567317,-11.248311,13.181447,-12.140386,-7.921275,6.447625,-14.302703,-8.038701,5.272585,-16.636486,-8.735125,4.292853,-11.631801,-12.552566,14.555426,-11.304352,-10.808933,5.784493,-9.195382,-14.235071,1.397351,-6.966610,-17.993727,-0.691301,-11.612394,-14.059510,13.567426,-12.080679,-13.661302,7.617815,-11.060369,-16.392876,5.412295,-10.306254,-20.285015,4.311118
-25.260689,24.925598,-10.941933,-20.125643,12.727555,-9.944154,-5.942606,17.343349,-10.338553,-4.632118,1.950182,-1.084679,-5.168564,-6.470883,10.020010,-26.367512,13.570063,-9.095030,-8.837091,22.601282,5.308373,13.997521,-18.577332,13.441924,-9.777550,-7.499421,0.518855,0.582799,-3.884658,-7.969077,-2.649424,-8.793818,3.743757,-2.604667,-9.657122,5.351440,-15.151873,-8.140922,7.863823,-5.085631,-8.060771,7.309736,-5.559187,-9.069581,9.225665,-23.863117,26.697378,-10.008865,-27.470018,24.153755,-13.950840,-21.364855,24.592497,-14.969636,-6.463457,2.062367,12.580111,-5.654803,-9.089907,9.403860,-5.733218,-9.119571,9.555928,-5.456088,-9.191265,9.065267,-2.416640,-9.733768,5.076178,-2.264682,-9.647587,4.785772,-2.756031,-9.729102,5.642704,-19.855928,26.661293,-7.921897,-19.208561,26.624571,-8.043308,-18.183716,26.135731,-8.059124,-17.751627,24.916424,-8.289600,-14.799368,24.576113,-4.531726,-12.772882,23.894960,-0.888146,-13.282538,21.861633,-0.243299,-14.657542,20.427450,-0.176836,-18.025599,19.034403,-2.308959,-22.296722,17.728998,-4.962656,-25.690773,16.594862,-9.551457,-27.805351,16.487309,-10.847678,-28.958405,17.332327,-11.585621,-29.927153,17.353338,-12.557938,-30.868038,17.367346,-14.227146,-31.130707,17.788652,-15.300058,-31.351845,17.698601,-15.771352,-19.865015,28.825474,-4.384220,-20.231016,29.238197,-4.697618,-21.924726,28.861361,-6.242474,-23.440432,28.435991,-7.891824,-24.813881,27.503265,-8.900023,-26.366846,26.386518,-10.601789,-27.843218,25.253250,-12.391314,-28.718969,24.388311,-13.504044,-29.959005,22.987068,-15.358535,-30.024992,22.169056,-15.154154,-23.868900,26.565224,-8.785388,-23.003080,27.137354,-7.525634,-22.802046,26.935135,-6.220573,-23.021296,26.503332,-5.467767,-21.713215,25.328861,-4.693342,-21.691311,25.492409,-4.051692,-21.763802,25.736290,-3.547719,-23.016275,25.008055,-5.370433,-23.352232,24.867163,-6.122893,-20.643986,27.848110,-4.739129,-21.549688,27.797209,-5.808619,-23.390282,26.798683,-7.608549,-24.129877,25.800539,-8.568712,-22.996702,26.160931,-7.554193,-21.360397,27.072794,-5.509418,-26.545212,24.313345,-11.475891,-27.653957,24.048302,-12.621128,-28.611094,23.380388,-13.442424,-29.049580,22.753546,-13.927225,-28.518030,22.780163,-13.532448,-27.406265,23.572432,-12.269259,-18.713276,24.108667,-1.259652,-20.344656,23.988445,-3.090080,-20.865099,24.426466,-2.500520,-20.711637,23.732021,-2.331280,-20.864302,23.940428,-2.142570,-20.524399,23.315044,-2.654125,-19.398956,22.486610,-2.743940,-18.881344,22.563385,-2.150800,-18.376469,22.326338,-1.061321,-18.705315,22.392147,-1.659561,-19.001324,22.568214,-1.993203,-18.475985,23.558327,-1.665507,-19.083900,23.918226,-1.222179,-20.640224,22.448227,-2.873673,-20.057663,22.284418,-2.165344,-18.858297,23.294018,-1.148175,-19.189716,23.073347,-2.752544,-18.727940,24.642193,-1.039920,-19.308641,24.119438,-2.698694,-19.824709,24.568436,-2.580535,-22.586998,26.938305,-6.782580,-27.986355,23.610912,-13.137083,11.464529,-21.375376,10.199142,14.128382,-23.901794,8.198749,18.710623,-26.744665,7.311079,20.538008,-29.240076,7.908763,21.928589,-29.252726,8.553603,23.496304,-32.526756,10.163427,22.519218,-35.808117,10.079891,20.361284,-38.370228,12.328454,18.302158,-40.342979,14.747393,20.771763,-33.105022,11.788521,18.582918,-37.697910,12.520699,15.171826,-40.712856,16.245300,12.744065,-42.598450,19.332090,17.586554,-32.389404,12.384401,15.374230,-36.226089,12.757117,12.457493,-39.435650,16.466318,10.378061,-41.133636,19.864069,14.580484,-30.791010,12.082522,13.003788,-33.833977,12.323213,10.842632,-36.018585,13.822262,8.756577,-37.687004,16.044950,-3.616957,-8.656952,8.197001,-2.488022,-7.902472,3.586581,-4.777387,-7.588869,0.628943,-10.266170,-8.138194,2.662491,-16.023512,-9.475820,3.012737,-11.549975,-7.890717,14.342385,-15.482191,-5.620463,11.563788,-15.944047,-4.816423,7.208622,-16.432848,-3.716869,4.162566,-13.954792,-8.920968,18.194405,-15.583519,-5.349757,10.718679,-18.052731,-5.348428,8.945470,-20.640015,-6.031888,7.352618,-14.885792,-10.246283,19.784124,-14.678247,-8.472405,10.398569,-13.002520,-12.144106,5.819491,-11.147848,-16.237988,3.593531,-14.771609,-11.934216,18.817127,-15.266095,-11.405876,12.441040,-14.376002,-14.248316,10.227463,-13.842191,-18.295374,9.209626
-25.700535,24.099924,-10.666843,-21.209461,12.500356,-9.703755,-6.853195,17.159245,-10.099778,-5.696558,1.252574,1.253666,-7.883206,-5.831818,13.759358,-27.116846,13.661094,-8.914380,-7.775607,22.859175,6.842414,16.344833,-21.223776,15.462038,-10.604752,-7.643454,1.172730,-0.107184,-4.105965,-7.395685,-2.203650,-8.073944,3.832981,-2.152409,-8.961917,5.497700,-15.764479,-8.155389,8.327265,-4.563782,-7.401167,7.162584,-5.029166,-8.455435,9.093485,-24.348675,26.008387,-9.756790,-27.956854,23.387442,-13.664147,-21.921101,24.169924,-14.747555,-7.056755,2.526971,12.576941,-5.122924,-8.483012,9.259344,-5.199718,-8.514015,9.399227,-4.926553,-8.573673,8.944388,-1.966594,-9.035403,5.235224,-1.819703,-8.943487,4.959501,-2.298788,-9.039720,5.774229,-20.443106,26.128380,-7.728204,-19.795654,26.124893,-7.828326,-18.774828,25.664448,-7.865508,-18.358099,24.433010,-8.141054,-15.472440,24.093813,-4.522389,-13.509737,23.386370,-0.909286,-14.040925,21.268515,-0.235598,-15.370328,19.762314,0.000263,-18.698738,18.319380,-2.025061,-22.940607,16.960934,-4.754984,-26.235537,15.778269,-9.234256,-28.283751,15.691105,-10.430943,-29.400034,16.520193,-11.209151,-30.388103,16.552135,-12.288421,-31.328096,16.583292,-14.026388,-31.621346,17.025925,-15.175879,-31.818199,16.963743,-15.623275,-20.479380,28.221210,-4.141486,-20.843960,28.615334,-4.446174,-22.519045,28.210526,-5.951338,-23.993793,27.765577,-7.545542,-25.334797,26.846167,-8.501164,-27.033360,25.611912,-10.368467,-28.443975,24.474768,-12.121887,-29.280827,23.629482,-13.221130,-30.470476,22.243200,-15.039687,-30.542166,21.436626,-14.881606,-24.444689,25.791021,-8.521184,-23.589880,26.344265,-7.263755,-23.373623,26.096739,-5.935848,-23.588486,25.641499,-5.199867,-22.343006,24.504959,-4.465602,-22.313614,24.671759,-3.818352,-22.383539,24.930819,-3.303624,-23.582510,24.186022,-5.053809,-23.898394,24.052616,-5.778232,-21.246777,27.159632,-4.472308,-22.147894,27.094116,-5.554893,-23.959850,26.061821,-7.341500,-24.669661,25.054008,-8.275162,-23.549721,25.421223,-7.273847,-21.950394,26.361080,-5.250935,-27.102095,23.521963,-11.205924,-28.180830,23.276241,-12.326077,-29.124620,22.612856,-13.132596,-29.562510,21.983315,-13.632165,-29.026768,21.980972,-13.227125,-27.939032,22.776760,-11.965565,-19.332315,23.441521,-0.989456,-20.950985,23.179808,-2.808818,-21.441580,23.607904,-2.230989,-21.328417,22.885462,-2.082016,-21.504473,23.075893,-1.955049,-21.176947,22.504665,-2.412471,-20.102463,21.730383,-2.515795,-19.581274,21.831448,-1.945045,-19.055170,21.592375,-0.851629,-19.367178,21.664238,-1.429185,-19.615507,21.848665,-1.750984,-19.101408,22.858751,-1.430651,-19.743773,23.219158,-1.002426,-21.239561,21.612293,-2.611461,-20.680155,21.428335,-1.897095,-19.536654,22.462999,-0.959728,-19.869892,22.327887,-2.502563,-19.434305,23.903269,-0.861963,-19.985147,23.411737,-2.479475,-20.477221,23.863506,-2.383042,-23.176584,26.208841,-6.548687,-28.507284,22.833260,-12.843698,13.716281,-24.304306,11.942396,16.527718,-26.617483,9.542152,21.154177,-29.159380,8.041828,22.936470,-31.583637,8.336504,24.334946,-31.404924,8.784674,25.795290,-35.579403,11.127557,24.600899,-38.936264,11.027136,22.155779,-41.598015,13.523429,19.786116,-43.611519,16.232872,22.925507,-36.439339,13.060963,20.424486,-41.059647,13.779560,16.568901,-44.105598,17.947496,13.738820,-45.958305,21.451977,19.582897,-35.860950,13.882792,17.123823,-39.698029,14.214017,13.845644,-42.999729,18.389614,11.458377,-44.706261,22.209700,16.465559,-34.316814,13.746616,14.733216,-37.408287,13.988606,12.388506,-39.665718,15.768343,10.083259,-41.388031,18.324699,-6.410844,-8.172357,11.687021,-5.607899,-7.555889,6.601523,-8.214999,-6.962396,3.028398,-14.043612,-6.909629,4.689025,-20.135981,-8.021383,4.705960,-14.364055,-6.106644,17.527836,-18.304457,-3.415643,14.410794,-19.060850,-2.683112,9.732458,-19.765314,-1.758508,6.330858,-16.602137,-6.926544,21.736139,-18.307955,-3.152653,13.723624,-21.022139,-3.061414,11.419112,-23.809778,-3.759256,9.283853,-17.389193,-8.251737,23.494413,-17.297588,-6.425459,13.697573,-15.957190,-10.240202,8.925048,-14.399124,-14.560532,6.555202,-17.175644,-10.077630,22.553276,-17.685482,-9.417316,15.904067,-16.877155,-12.316833,13.667304,-16.496128,-16.450123,12.692372
-26.143688,23.225798,-10.085348,-22.246838,12.333591,-9.294226,-7.753871,17.064728,-9.631438,-6.553559,0.819547,2.588883,-10.039291,-5.404827,16.309332,-27.833794,13.746449,-8.626719,-6.705609,22.808863,7.849174,18.415243,-23.504494,16.688379,-11.310662,-7.633988,1.875210,-0.769361,-4.193714,-6.684116,-1.801278,-7.361798,3.980838,-1.745212,-8.271386,5.699189,-16.233559,-8.035548,8.774442,-4.069481,-6.742253,7.034956,-4.524690,-7.838467,8.976899,-24.811779,25.241213,-9.184759,-28.378685,22.602695,-13.021416,-22.484156,23.662489,-14.237484,-7.638126,2.936583,12.611120,-4.615689,-7.872306,9.128519,-4.689979,-7.902576,9.254267,-4.423509,-7.952628,8.840889,-1.563443,-8.341683,5.452626,-1.423127,-8.245497,5.194662,-1.885171,-8.353592,5.957941,-21.048880,25.499447,-7.276106,-20.419350,25.541103,-7.349389,-19.412336,25.127590,-7.392247,-19.013716,23.904631,-7.710072,-16.215158,23.580883,-4.270205,-14.326569,22.859243,-0.702050,-14.884941,20.665798,0.009567,-16.163033,19.101963,0.427963,-19.444771,17.620459,-1.483639,-23.638044,16.219896,-4.276645,-26.793253,15.003675,-8.629225,-28.747541,14.953145,-9.717837,-29.799118,15.777338,-10.504889,-30.789186,15.821347,-11.683537,-31.714975,15.874361,-13.484666,-32.025951,16.341696,-14.707883,-32.190666,16.306025,-15.127919,-21.090574,27.499153,-3.637234,-21.441771,27.870583,-3.922417,-23.082352,27.440861,-5.377755,-24.496475,26.990011,-6.892395,-25.802309,26.100506,-7.783379,-27.567167,24.805141,-9.723450,-28.898464,23.682688,-11.429142,-29.687986,22.872204,-12.503736,-30.828217,21.516979,-14.285110,-30.913980,20.726463,-14.181550,-24.965948,24.964970,-7.895537,-24.131777,25.501127,-6.646978,-23.911707,25.219973,-5.310128,-24.139635,24.752417,-4.629784,-22.973621,23.659527,-3.932033,-22.939417,23.834297,-3.286121,-23.008720,24.108696,-2.776432,-24.144291,23.355968,-4.431525,-24.438442,23.232229,-5.122334,-21.858509,26.379053,-3.939164,-22.740997,26.311424,-5.017240,-24.508007,25.256973,-6.776030,-25.182133,24.245869,-7.664950,-24.089857,24.614599,-6.698272,-22.541313,25.571098,-4.712578,-27.576418,22.725248,-10.552853,-28.614933,22.514097,-11.641006,-29.534819,21.862200,-12.417236,-29.976707,21.242380,-12.944074,-29.443060,21.204912,-12.525230,-28.384867,21.985569,-11.270265,-19.989920,22.772675,-0.476390,-21.592527,22.367058,-2.265437,-22.046858,22.785076,-1.694638,-21.961765,22.040928,-1.542488,-22.148567,22.220436,-1.465208,-21.841337,21.713594,-1.881426,-20.826649,21.001150,-2.013182,-20.309721,21.128918,-1.463851,-19.775366,20.890520,-0.371802,-20.080467,20.958727,-0.942592,-20.286325,21.143621,-1.262221,-19.780050,22.167355,-0.942598,-20.436932,22.523167,-0.546748,-21.874460,20.782936,-2.079352,-21.333746,20.583548,-1.348274,-20.236763,21.651230,-0.471660,-20.577551,21.602146,-1.983755,-20.168371,23.180975,-0.400886,-20.695883,22.710157,-1.996313,-21.169830,23.162119,-1.926708,-23.754730,25.407932,-6.028038,-28.936968,22.071331,-12.164020,15.709822,-26.823397,12.832633,18.590103,-28.868778,9.955355,23.172363,-31.052837,7.807732,24.889957,-33.374683,7.846041,26.271721,-33.023830,8.127162,27.677736,-37.989628,11.208321,26.317587,-41.384247,11.152950,23.651552,-44.125877,13.898700,21.025576,-46.165421,16.889494,24.759775,-39.146000,13.514068,22.037462,-43.780415,14.256660,17.810465,-46.839302,18.816071,14.638447,-48.642555,22.682411,21.343256,-38.747734,14.632249,18.720762,-42.585670,14.939248,15.118040,-45.947426,19.516146,12.446854,-47.633610,23.698862,18.182657,-37.312565,14.738854,16.345844,-40.447498,14.980769,13.834187,-42.753696,16.991419,11.317060,-44.498413,19.834997,-8.634393,-7.868656,14.028255,-8.114111,-7.416703,8.609911,-11.010943,-6.643246,4.577473,-17.169691,-6.087199,5.929212,-23.558498,-7.015085,5.703229,-16.684662,-4.789480,19.651657,-20.708317,-1.748968,16.299459,-21.710182,-1.094893,11.323167,-22.574394,-0.347139,7.575542,-18.754948,-5.398470,24.139629,-20.588158,-1.459014,15.773113,-23.503513,-1.303451,12.994839,-26.441755,-2.034253,10.380298,-19.390390,-6.703105,26.028982,-19.432632,-4.819575,16.001659,-18.334019,-8.716995,11.027320,-16.984818,-13.190172,8.495338,-19.064077,-8.629391,25.113518,-19.608284,-7.846026,18.343359,-18.843344,-10.769528,16.073812,-18.555609,-14.943192,15.106974
-26.630686,22.396036,-9.299269,-23.236444,12.293294,-8.774890,-8.651918,17.120682,-8.997208,-7.271326,0.663817,3.182865,-11.818380,-5.197692,18.031101,-28.521198,13.885452,-8.294442,-5.529764,22.483383,8.415292,20.310223,-25.583408,17.345737,-11.860956,-7.459816,2.530415,-1.364284,-4.126146,-5.938874,-1.446220,-6.670893,4.187484,-1.386441,-7.599849,5.957602,-16.542391,-7.774783,9.131232,-3.610037,-6.096115,6.949330,-4.053618,-7.231880,8.901927,-25.291924,24.492039,-8.392250,-28.794147,21.881834,-12.144286,-23.072266,23.162525,-13.527466,-8.170218,3.278103,12.694241,-4.141073,-7.271270,9.038217,-4.212165,-7.300168,9.148807,-3.954739,-7.341784,8.779875,-1.209912,-7.667286,5.728266,-1.077075,-7.567829,5.489313,-1.519158,-7.685465,6.197403,-21.689331,24.873165,-6.641836,-21.092789,24.969807,-6.687251,-20.106703,24.617992,-6.722858,-19.729483,23.420122,-7.079679,-17.026899,23.124922,-3.838671,-15.218114,22.401907,-0.326388,-15.813462,20.143169,0.423524,-17.043085,18.534731,1.023945,-20.279303,17.023247,-0.776124,-24.416784,15.585579,-3.623034,-27.408707,14.344464,-7.834264,-29.252710,14.339760,-8.810965,-30.219788,15.166530,-9.582398,-31.195168,15.223146,-10.846826,-32.095718,15.300227,-12.705010,-32.414810,15.793208,-14.006477,-32.540409,15.780583,-14.399269,-21.718801,26.763563,-2.950060,-22.048248,27.109859,-3.211267,-23.646275,26.658249,-4.614197,-24.989216,26.212019,-6.034340,-26.261698,25.364643,-6.856397,-28.042435,24.049717,-8.809532,-29.286316,22.954500,-10.458401,-30.023699,22.190088,-11.499689,-31.117863,20.876892,-13.244669,-31.225817,20.106052,-13.202533,-25.481220,24.178722,-7.032571,-24.674885,24.702284,-5.796749,-24.461922,24.398180,-4.461304,-24.720009,23.926659,-3.864928,-23.641796,22.883608,-3.194343,-23.605549,23.070765,-2.557505,-23.676201,23.360254,-2.065293,-24.744524,22.605268,-3.611825,-25.016909,22.491535,-4.264126,-22.502090,25.604925,-3.224682,-23.356426,25.543741,-4.287092,-25.070887,24.475788,-6.009511,-25.709627,23.466925,-6.845224,-24.652470,23.833769,-5.925112,-23.161335,24.798801,-3.987312,-28.028692,22.001537,-9.645027,-29.021088,21.834776,-10.698218,-29.910570,21.199429,-11.434190,-30.362724,20.599773,-11.999206,-29.834673,20.522886,-11.561503,-28.807432,21.274940,-10.315168,-20.699512,22.196222,0.208236,-22.292046,21.641285,-1.547837,-22.708200,22.048639,-0.984619,-22.644537,21.285879,-0.813312,-22.834949,21.459425,-0.777574,-22.555748,21.024355,-1.166646,-21.609789,20.380543,-1.342585,-21.099390,20.540554,-0.810122,-20.565727,20.306702,0.278830,-20.870819,20.363863,-0.291611,-21.035761,20.544201,-0.611342,-20.529778,21.576735,-0.283884,-21.180050,21.923386,0.072260,-22.570095,20.049253,-1.369785,-22.046896,19.836924,-0.617513,-20.990316,20.944160,0.211334,-21.347092,20.979450,-1.299572,-20.963299,22.563732,0.241479,-21.469862,22.104822,-1.344080,-21.926903,22.557123,-1.298604,-24.353645,24.628769,-5.315195,-29.341288,21.396965,-11.231358,17.533781,-29.107714,13.101439,20.426872,-30.819027,9.678452,24.886812,-32.571903,6.841562,26.516916,-34.753838,6.650594,27.862076,-34.238140,6.779972,29.242891,-39.930977,10.624134,27.748100,-43.327026,10.663084,24.911772,-46.130943,13.645525,22.072165,-48.182785,16.895973,26.356798,-41.403767,13.348286,23.480320,-46.038437,14.140811,18.943069,-49.095680,19.033504,15.481396,-50.835468,23.197092,22.935823,-41.228600,14.814337,20.215012,-45.066792,15.105290,16.316708,-48.465664,20.023529,13.379759,-50.109432,24.512714,19.788330,-39.957523,15.224671,17.889929,-43.132500,15.464980,15.226484,-45.471058,17.665157,12.503010,-47.215302,20.756308,-10.470181,-7.771459,15.572488,-10.207409,-7.533732,9.915323,-13.391305,-6.684273,5.525182,-19.895788,-5.711516,6.607833,-26.555870,-6.498628,6.197543,-18.751440,-3.879619,21.054701,-22.942762,-0.531151,17.538034,-24.166767,0.029546,12.279075,-25.154991,0.589141,8.188992,-20.645550,-4.266749,25.776464,-22.667774,-0.186211,17.186785,-25.760900,0.015758,13.970521,-28.812229,-0.756548,10.916938,-21.111586,-5.534585,27.774641,-21.322380,-3.597885,17.652554,-20.400892,-7.551570,12.467623,-19.192337,-12.135071,9.753749,-20.649010,-7.537226,26.885473,-21.264986,-6.643039,20.118927,-20.523201,-9.574559,17.812943,-20.288713,-13.761269,16.828619
-27.162710,21.646168,-8.406303,-24.156239,12.364244,-8.187278,-9.515401,17.300474,-8.257745,-7.851220,0.760579,3.255191,-13.318574,-5.162403,19.180122,-29.169542,14.073733,-7.938070,-4.308239,22.013506,8.703473,22.072079,-27.509148,17.639891,-12.268775,-7.177932,3.122893,-1.871433,-3.948586,-5.208617,-1.137995,-6.023655,4.434822,-1.075102,-6.969640,6.254113,-16.724636,-7.428319,9.413559,-3.193742,-5.485445,6.910511,-3.625039,-6.657879,8.874451,-25.795572,23.802851,-7.484292,-29.226738,21.249542,-11.155428,-23.672560,22.706320,-12.711402,-8.641715,3.566278,12.811210,-3.708547,-6.702171,8.995399,-3.776105,-6.729957,9.090895,-3.529010,-6.763655,8.766212,-0.904272,-7.034660,6.041755,-0.779026,-6.932634,5.821363,-1.200461,-7.057977,6.475415,-22.346664,24.296276,-5.910272,-21.792439,24.451714,-5.927155,-20.831345,24.168604,-5.944930,-20.477684,23.005487,-6.334847,-17.871681,22.747423,-3.292711,-16.144440,22.034039,0.161437,-16.787006,19.720022,0.945294,-17.976316,18.078226,1.719391,-21.172314,16.543072,0.024588,-25.254837,15.070661,-2.871594,-28.074781,13.811082,-6.936824,-29.802118,13.855527,-7.808404,-30.673346,14.690569,-8.550040,-31.621687,14.760200,-9.887031,-32.489872,14.861663,-11.796497,-32.809963,15.379588,-13.178491,-32.892540,15.386335,-13.546316,-22.355864,26.070730,-2.166200,-22.659822,26.391266,-2.402767,-24.214216,25.920290,-3.755643,-25.484028,25.485785,-5.075762,-26.727907,24.686541,-5.829879,-28.494843,23.379522,-7.761331,-29.650295,22.318121,-9.351195,-30.334782,21.605827,-10.355726,-31.386967,20.340166,-12.066764,-31.522064,19.590763,-12.088395,-26.004477,23.471058,-6.052144,-25.230135,23.986902,-4.829499,-25.032883,23.668238,-3.500779,-25.333158,23.198233,-3.002526,-24.342419,22.207293,-2.349610,-24.306917,22.410000,-1.726731,-24.380814,22.714535,-1.258999,-25.381390,21.961195,-2.692614,-25.633196,21.856327,-3.305228,-23.166826,24.886602,-2.415431,-23.988941,24.836746,-3.457134,-25.650215,23.761013,-5.140429,-26.256762,22.757710,-5.920593,-25.236618,23.120951,-5.051490,-23.803370,24.089289,-3.166482,-28.481524,21.375696,-8.609533,-29.426193,21.258118,-9.627797,-30.282745,20.642094,-10.319591,-30.749956,20.069214,-10.929349,-30.228994,19.951315,-10.469136,-29.231316,20.666874,-9.231050,-21.442265,21.733305,0.990732,-23.033737,21.028490,-0.737345,-23.413595,21.425159,-0.183792,-23.367840,20.645493,0.015417,-23.558092,20.816317,0.015175,-23.311628,20.454777,-0.359622,-22.438818,19.881325,-0.591562,-21.935104,20.078785,-0.068313,-21.408339,19.852505,1.017814,-21.717806,19.893869,0.445660,-21.841902,20.067154,0.127006,-21.328289,21.105717,0.469503,-21.955374,21.440441,0.784293,-23.310734,19.434555,-0.564858,-22.805553,19.210745,0.208784,-21.785183,20.360676,0.997247,-22.163733,20.475210,-0.535118,-21.805122,22.068264,0.977575,-22.291685,21.615021,-0.604496,-22.730659,22.068747,-0.576421,-24.970423,23.914890,-4.502339,-29.746813,20.828373,-10.174811,19.226429,-31.214033,12.981691,22.107180,-32.561176,8.985269,26.404747,-33.845242,5.447739,27.935690,-35.868252,5.048287,29.234186,-35.197121,5.039046,30.600142,-41.545349,9.632888,28.986378,-44.920837,9.792634,26.011368,-47.772247,12.987629,22.987619,-49.824123,16.468500,27.793152,-43.335407,12.785501,24.804508,-47.965122,13.638557,19.999964,-51.011379,18.810074,16.288546,-52.679073,23.211779,24.409029,-43.403061,14.617732,21.632698,-47.245979,14.891290,17.458389,-50.666973,20.098625,14.268623,-52.254025,24.846512,21.306339,-42.326859,15.360557,19.376772,-45.544518,15.594709,16.573265,-47.906502,17.950031,13.648073,-49.636662,21.256611,-12.019365,-7.840652,16.567379,-12.007250,-7.855585,10.736396,-15.495358,-7.010175,6.057882,-22.370026,-5.686840,6.893937,-29.290722,-6.366903,6.334555,-20.673885,-3.256807,21.971415,-25.103956,0.382221,18.329840,-26.541428,0.840648,12.802137,-27.635067,1.205451,8.381627,-22.380939,-3.419563,26.893745,-24.649939,0.793037,18.160921,-27.909306,1.027653,14.531384,-31.048031,0.209187,11.069958,-22.660789,-4.648331,28.983541,-23.078403,-2.659989,18.849863,-22.293703,-6.665440,13.447180,-21.177988,-11.340831,10.537992,-22.041656,-6.720442,28.117895,-22.769802,-5.723314,21.434155,-22.044111,-8.659281,19.086544,-21.838810,-12.848150,18.064236
-27.712910,20.986147,-7.499654,-24.959007,12.474310,-7.553834,-10.267446,17.516159,-7.462136,-8.219687,1.041544,2.936414,-14.548984,-5.274042,19.866842,-29.758427,14.260065,-7.542932,-3.264751,21.616287,8.909235,23.691610,-29.174700,17.704479,-12.577031,-6.898680,3.694683,-2.278333,-3.758184,-4.502243,-0.870331,-5.449907,4.694441,-0.804518,-6.410042,6.558479,-16.849590,-7.102684,9.702024,-2.827410,-4.942432,6.910743,-3.246821,-6.147527,8.886992,-26.306808,23.192017,-6.569362,-29.676104,20.700214,-10.175843,-24.251989,22.302156,-11.890834,-9.056745,3.834478,12.929182,-3.326534,-6.196032,8.993690,-3.390709,-6.223356,9.075145,-3.153710,-6.249503,8.791502,-0.639032,-6.473008,6.361521,-0.520637,-6.368877,6.157861,-0.923235,-6.500628,6.763120,-22.979458,23.791792,-5.166744,-22.468527,24.001362,-5.152041,-21.531961,23.783609,-5.142755,-21.199875,22.656345,-5.555204,-18.680016,22.437794,-2.689228,-17.029898,21.739372,0.717486,-17.727337,19.376694,1.528658,-18.888355,17.707438,2.463361,-22.053646,16.150812,0.866364,-26.088167,14.644443,-2.079365,-28.745485,13.372001,-6.010746,-30.362844,13.463247,-6.799059,-31.138836,14.311605,-7.511497,-32.055202,14.395967,-8.912300,-32.889774,14.520618,-10.869938,-33.206509,15.061243,-12.327862,-33.247509,15.084184,-12.676627,-22.973612,25.457724,-1.370069,-23.254494,25.753553,-1.584072,-24.771526,25.264277,-2.893538,-25.975979,24.843531,-4.119246,-27.198542,24.089520,-4.810837,-28.938791,22.802498,-6.706219,-30.013735,21.774073,-8.244769,-30.649578,21.112286,-9.216858,-31.663874,19.892361,-10.898626,-31.825314,19.163044,-10.979731,-26.528086,22.855555,-5.066964,-25.785183,23.367607,-3.852134,-25.607655,23.039940,-2.527484,-25.953264,22.573809,-2.123959,-25.039026,21.630915,-1.482014,-25.007040,21.850105,-0.872563,-25.085938,22.169270,-0.428771,-26.021927,21.419189,-1.756180,-26.255762,21.320742,-2.334139,-23.818132,24.253183,-1.592561,-24.610575,24.215004,-2.614655,-26.225191,23.133263,-4.263352,-26.803846,22.135242,-4.989850,-25.817528,22.495396,-4.169831,-24.435772,23.465578,-2.334400,-28.934879,20.843086,-7.569030,-29.835529,20.773237,-8.555264,-30.660872,20.175932,-9.205693,-31.144161,19.630720,-9.860016,-30.630068,19.474379,-9.376784,-29.658180,20.152531,-8.144817,-22.169737,21.366264,1.806166,-23.769882,20.521179,0.099176,-24.119991,20.907715,0.641965,-24.090679,20.112232,0.869633,-24.280348,20.280912,0.836978,-24.066551,19.986292,0.466683,-23.262829,19.476198,0.175642,-22.764141,19.712372,0.699329,-22.246576,19.494524,1.784718,-22.561474,19.519398,1.210369,-22.645105,19.686438,0.894191,-22.117752,20.732168,1.256583,-22.714323,21.056181,1.531164,-24.047600,18.927172,0.269274,-23.561966,18.692177,1.061197,-22.575640,19.882275,1.812501,-22.976175,20.065191,0.246087,-22.642151,21.669020,1.739354,-23.108973,21.219578,0.160205,-23.527319,21.676514,0.179604,-25.578424,23.287813,-3.674535,-30.157518,20.352375,-9.117414,20.785254,-33.040512,12.643854,23.657080,-34.071144,8.113112,27.808578,-34.933273,3.927660,29.254765,-36.822075,3.349935,30.510242,-36.021706,3.226293,31.865154,-42.895298,8.458582,30.143364,-46.257240,8.732638,27.046997,-49.149303,12.102222,23.860231,-51.195629,15.775898,29.145103,-44.964123,11.998531,26.068235,-49.605270,12.900711,21.024775,-52.641201,18.297800,17.094563,-54.238834,22.886650,25.803740,-45.251667,14.171533,22.994211,-49.119499,14.416002,18.561642,-52.556004,19.856441,15.134418,-54.082115,24.815809,22.744530,-44.356415,15.234331,20.801332,-47.632584,15.452383,17.868250,-50.016125,17.925690,14.751454,-51.728611,21.412685,-13.289696,-8.051115,17.121651,-13.522664,-8.316155,11.171717,-17.343506,-7.512339,6.274438,-24.615826,-5.887877,6.890042,-31.801685,-6.481437,6.208638,-22.454012,-2.837813,22.518608,-27.170403,1.089575,18.768354,-28.813377,1.451800,12.989955,-30.003242,1.631567,8.267237,-23.978800,-2.795731,27.604496,-26.535757,1.554291,18.761385,-29.951773,1.808333,14.741920,-33.160374,0.939818,10.908724,-24.072996,-4.000778,29.763186,-24.725632,-1.955195,19.642717,-24.049856,-6.024828,14.013488,-22.992195,-10.794317,10.904147,-23.292843,-6.150567,28.909504,-24.166140,-5.052430,22.329931,-23.457062,-8.000732,19.924814,-23.268515,-12.198147,18.843288
-28.247473,20.419096,-6.652692,-25.594177,12.542339,-6.882531,-10.825208,17.671495,-6.641829,-8.286258,1.422855,2.297991,-15.482410,-5.541373,20.121052,-30.264858,14.384292,-7.081078,-2.653668,21.503277,9.197218,25.142771,-30.413807,17.604116,-12.831362,-6.731871,4.302941,-2.578814,-3.654129,-3.809701,-0.631791,-4.971411,4.940730,-0.562950,-5.942419,6.843434,-16.985762,-6.904389,10.086811,-2.511067,-4.492543,6.937661,-2.919935,-5.725579,8.927283,-26.803606,22.669628,-5.736858,-30.131170,20.220453,-9.300865,-24.776587,21.948093,-11.153185,-9.424202,4.118275,13.013711,-2.996457,-5.777555,9.021541,-3.057810,-5.805089,9.090606,-2.829363,-5.824141,8.842848,-0.401813,-6.003501,6.659432,-0.288830,-5.897548,6.469710,-0.676406,-6.034952,7.034209,-23.545149,23.372347,-4.479079,-23.070244,23.623926,-4.426504,-22.152929,23.459097,-4.381444,-21.835093,22.361536,-4.800812,-19.378796,22.179892,-2.067846,-17.794424,21.495070,1.314805,-18.550877,19.085798,2.145615,-19.698301,17.387859,3.224950,-22.846649,15.807063,1.718581,-26.844358,14.266199,-1.280963,-29.366398,12.985114,-5.107409,-30.893785,13.115611,-5.848005,-31.587532,13.981963,-6.546328,-32.474400,14.084708,-8.006968,-33.279652,14.230313,-10.013153,-33.591209,14.789838,-11.536149,-33.597462,14.826234,-11.876129,-23.541935,24.951372,-0.627258,-23.807989,25.224827,-0.822675,-25.300070,24.716520,-2.098621,-26.455336,24.306271,-3.245523,-27.665625,23.585819,-3.883557,-29.379400,22.316643,-5.744109,-30.389606,21.313244,-7.247734,-30.985521,20.692524,-8.199029,-31.965706,19.509418,-9.858181,-32.146549,18.795731,-9.988151,-27.037773,22.336567,-4.163809,-26.320980,22.847719,-2.944972,-26.162142,22.514246,-1.613545,-26.547241,22.051914,-1.285477,-25.688757,21.147169,-0.650929,-25.662823,21.381516,-0.048771,-25.748074,21.714041,0.378893,-26.626497,20.966082,-0.859504,-26.846260,20.870651,-1.413703,-24.418791,23.724712,-0.817653,-25.189842,23.694038,-1.826146,-26.770451,22.603956,-3.451696,-27.325726,21.607340,-4.129107,-26.366058,21.967190,-3.351526,-25.023348,22.941736,-1.554710,-29.380411,20.389847,-6.619227,-30.245522,20.360027,-7.578484,-31.044935,19.777477,-8.196223,-31.541283,19.255249,-8.888212,-31.032627,19.067303,-8.384786,-30.080990,19.713858,-7.155892,-22.827721,21.069696,2.610270,-24.446833,20.103901,0.917475,-24.778212,20.481028,1.450116,-24.765377,19.670513,1.699327,-24.957390,19.834494,1.635971,-24.771570,19.592258,1.264163,-24.023960,19.129984,0.920901,-23.526396,19.401241,1.455314,-23.015841,19.190592,2.543741,-23.333759,19.202599,1.966517,-23.378494,19.367460,1.653152,-22.833647,20.425835,2.038682,-23.402212,20.744736,2.275257,-24.725721,18.507305,1.088999,-24.261845,18.260044,1.893663,-23.309416,19.481977,2.608629,-23.726713,19.716862,1.005111,-23.414936,21.331423,2.483248,-23.861576,20.888830,0.911890,-24.255795,21.351570,0.932126,-26.147007,22.759993,-2.896160,-30.568319,19.946705,-8.154382,22.196039,-34.424301,12.183397,25.079618,-35.268322,7.223377,29.152103,-35.847660,2.508473,30.556219,-37.675201,1.798135,31.784744,-36.792923,1.600039,33.134972,-43.989182,7.248737,31.318398,-47.375141,7.599055,28.110548,-50.310699,11.091295,24.778603,-52.354652,14.911448,30.476477,-46.256893,11.087238,27.325686,-50.949631,12.005182,22.064501,-53.985794,17.569902,17.943056,-55.526089,22.298761,27.153336,-46.697651,13.536484,24.317621,-50.628235,13.731917,19.651150,-54.080002,19.334858,16.011223,-55.549885,24.449738,24.106956,-45.923355,14.871077,22.157082,-49.287529,15.058470,19.107117,-51.695335,17.602434,15.820078,-53.394424,21.222069,-14.249113,-8.408166,17.268040,-14.708946,-8.874645,11.252245,-18.895151,-8.106534,6.221414,-26.596203,-6.218969,6.658426,-34.065662,-6.733492,5.882717,-24.052877,-2.591879,22.747322,-29.081244,1.628590,18.890646,-30.915154,1.915456,12.883015,-32.194786,1.938448,7.898390,-25.425966,-2.386393,27.949612,-28.292358,2.116044,18.992027,-31.851685,2.374861,14.606267,-35.116222,1.452536,10.444237,-25.358860,-3.596271,30.145142,-26.260096,-1.482135,20.011755,-25.669680,-5.641387,14.142879,-24.641960,-10.523336,10.834655,-24.432730,-5.841152,29.282263,-25.474174,-4.639463,22.775005,-24.786032,-7.617337,20.282728,-24.610094,-11.844361,19.117435
-28.747368,19.943439,-5.901047,-26.041842,12.525184,-6.176194,-11.154073,17.714569,-5.811089,-8.015660,1.845194,1.390714,-16.113895,-5.975773,19.968344,-30.677057,14.417147,-6.536610,-2.595547,21.771994,9.643639,26.413517,-31.143011,17.373873,-13.061417,-6.726758,4.979781,-2.780948,-3.683183,-3.119858,-0.411378,-4.587685,5.161159,-0.339296,-5.566311,7.095928,-17.168177,-6.879574,10.612095,-2.237017,-4.138114,6.980830,-2.636965,-5.394449,8.984755,-27.273777,22.236258,-5.030866,-30.581581,19.799603,-8.571911,-25.231409,21.637201,-10.542361,-9.751018,4.438843,13.045199,-2.711052,-5.449180,9.068534,-2.770248,-5.477543,9.126916,-2.548403,-5.489911,8.909567,-0.181326,-5.625493,6.922235,-0.072151,-5.517907,6.743466,-0.449036,-5.660588,7.275802,-24.024855,23.037905,-3.880567,-23.574612,23.316507,-3.781875,-22.668774,23.188446,-3.692508,-22.354847,22.111477,-4.100737,-19.933338,21.962572,-1.448909,-18.399714,21.286438,1.939211,-19.216581,18.830149,2.782685,-20.365356,17.097713,3.990475,-23.511995,15.487353,2.569108,-27.484703,13.910841,-0.490095,-29.907957,12.623504,-4.248002,-31.372004,12.783071,-4.981123,-32.002964,13.671582,-5.687788,-32.866386,13.797372,-7.206684,-33.649105,13.961230,-9.263846,-33.954834,14.534922,-10.838454,-33.935467,14.581978,-11.182553,-24.048283,24.559355,0.029577,-24.310274,24.813330,-0.151490,-25.791986,24.284431,-1.404411,-26.917542,23.878586,-2.492327,-28.124464,23.175770,-3.086668,-29.818375,21.914743,-4.921033,-30.782433,20.924686,-6.409306,-31.348614,20.331593,-7.354363,-32.297604,19.172956,-8.997749,-32.487495,18.469208,-9.162681,-27.525604,21.910736,-3.381911,-26.827332,22.423338,-2.143836,-26.683371,22.086256,-0.790563,-27.097546,21.626877,-0.511502,-26.270208,20.747419,0.117413,-26.252323,20.994698,0.721472,-26.344629,21.339024,1.144945,-27.174242,20.590111,-0.026519,-27.384001,20.494249,-0.570029,-24.952127,23.305906,-0.120833,-25.712193,23.276140,-1.123513,-27.273666,22.173101,-2.740153,-27.809614,21.172363,-3.373775,-26.868109,21.535776,-2.630346,-25.549751,22.519426,-0.857824,-29.812157,20.003004,-5.802992,-30.652033,20.002214,-6.740953,-31.432188,19.428862,-7.337102,-31.936125,18.922260,-8.055938,-31.431211,18.711580,-7.537222,-30.494013,19.335758,-6.308627,-23.389364,20.825996,3.383748,-25.037544,19.763620,1.698792,-25.362932,20.132057,2.223266,-25.367249,19.307409,2.483299,-25.566107,19.462238,2.389938,-25.400764,19.254528,2.013978,-24.691137,18.820976,1.632133,-24.189768,19.120640,2.186140,-23.681513,18.914774,3.281909,-23.998423,18.919886,2.700001,-24.007093,19.088070,2.388631,-23.442995,20.166651,2.799635,-23.991848,20.488285,3.000605,-25.316875,18.159679,1.875828,-24.876951,17.898397,2.686798,-23.959049,19.140955,3.365872,-24.384560,19.409592,1.728600,-24.091793,21.033396,3.192072,-24.517763,20.603544,1.635903,-24.884371,21.074898,1.665904,-26.661770,22.332031,-2.197974,-30.974102,19.594080,-7.327612,23.454185,-35.284275,11.648498,26.375168,-36.111645,6.393675,30.458597,-36.594303,1.296223,31.877708,-38.458447,0.505794,33.100960,-37.552208,0.280897,34.455647,-44.834564,6.070924,32.561321,-48.297516,6.443174,29.249809,-51.284901,10.000012,25.789906,-53.334972,13.916821,31.816776,-47.201557,10.100033,28.603773,-51.996788,10.987882,23.144974,-55.047115,16.657867,18.859776,-56.546799,21.479900,28.472136,-47.707310,12.745350,25.610207,-51.745705,12.867903,20.742109,-55.213810,18.551107,16.923309,-56.635464,23.756750,25.393612,-46.970585,14.289135,23.438658,-50.457520,14.429245,20.287834,-52.892830,16.989412,16.861856,-54.585506,20.682777,-14.889238,-8.921065,17.034006,-15.546134,-9.515017,11.002679,-20.129623,-8.750145,5.931755,-28.293280,-6.628335,6.243669,-36.072845,-7.060946,5.401755,-25.453079,-2.510535,22.695829,-30.805365,2.010096,18.731504,-32.810188,2.250367,12.516822,-34.172806,2.155664,7.312870,-26.723106,-2.192383,27.963295,-29.907154,2.481575,18.870354,-33.592579,2.730385,14.140368,-36.899261,1.751526,9.692471,-26.534405,-3.439346,30.159231,-27.687496,-1.242264,19.962982,-27.161459,-5.522104,13.841290,-26.140238,-10.542396,10.339595,-25.489309,-5.798674,29.261654,-26.714792,-4.487924,22.768522,-26.053606,-7.516433,20.154064,-25.891439,-11.800941,18.881048
-29.219223,19.552206,-5.239954,-26.328459,12.432886,-5.438155,-11.287166,17.655102,-4.971342,-7.450938,2.289622,0.262730,-16.484676,-6.565485,19.462881,-31.004644,14.374115,-5.914725,-3.026253,22.378796,10.230155,27.513435,-31.423876,17.052105,-13.278944,-6.856438,5.721241,-2.909975,-3.825179,-2.426999,-0.202826,-4.275362,5.358682,-0.127350,-5.258768,7.319792,-17.393375,-6.997721,11.262184,-1.992991,-3.856239,7.035244,-2.385165,-5.132157,9.054099,-27.723989,21.882357,-4.445188,-31.027367,19.432667,-7.973526,-25.629770,21.360971,-10.051066,-10.041671,4.798966,13.025199,-2.457354,-5.189072,9.128949,-2.514866,-5.218791,9.177989,-2.298245,-5.224722,8.986710,0.028333,-5.316042,7.154222,0.134964,-5.206970,6.983912,-0.234553,-5.354663,7.491210,-24.433655,22.776566,-3.368043,-23.997845,23.069740,-3.214740,-23.096521,22.964939,-3.072812,-22.777012,21.901272,-3.453058,-20.364166,21.782831,-0.836240,-18.867708,21.111410,2.584507,-19.745148,18.608162,3.436197,-20.907963,16.835171,4.758853,-24.065918,15.190390,3.419048,-28.022558,13.577344,0.295236,-30.380682,12.284396,-3.426149,-31.805504,12.463259,-4.186347,-32.391468,13.377339,-4.922481,-33.236404,13.530285,-6.497718,-34.002064,13.709769,-8.608045,-34.300896,14.292837,-10.222505,-34.263454,14.347393,-10.583081,-24.506180,24.268410,0.601470,-24.773275,24.505651,0.432055,-26.256947,23.954967,-0.806058,-27.369589,23.548035,-1.852056,-28.580250,22.848633,-2.410671,-30.260353,21.586702,-4.226598,-31.193901,20.599009,-5.716002,-31.738474,20.021259,-6.666917,-32.657990,18.876188,-8.299441,-32.846924,18.177780,-8.485945,-27.997885,21.567924,-2.711567,-27.311674,22.084511,-1.439953,-27.179132,21.746254,-0.051080,-27.613161,21.289774,0.202268,-26.795950,20.423349,0.827247,-26.787346,20.682226,1.442048,-26.886698,21.037376,1.873171,-27.675079,20.284058,0.748510,-27.877716,20.185198,0.205112,-25.431789,22.984653,0.499496,-26.189478,22.949690,-0.503729,-27.744398,21.829308,-2.123371,-28.264118,20.819786,-2.716935,-27.333841,21.190067,-2.001158,-26.027374,22.187269,-0.240883,-30.234713,19.674324,-5.108403,-31.058014,19.692272,-6.029946,-31.824429,19.123365,-6.613914,-32.330418,18.625963,-7.348812,-31.828306,18.400507,-6.819872,-30.900938,19.010708,-5.589949,-23.869659,20.630169,4.128566,-25.555563,19.492786,2.445960,-25.885965,19.853321,2.964664,-25.907923,19.015837,3.225494,-26.117611,19.157089,3.102377,-25.965044,18.968380,2.721869,-25.275543,18.547173,2.316513,-24.766474,18.868433,2.895833,-24.256252,18.664928,4.002423,-24.568787,18.668560,3.413095,-24.544750,18.844711,3.102386,-23.960682,19.950184,3.540835,-24.498238,20.281826,3.708248,-25.834002,17.877342,2.632440,-25.419565,17.600637,3.444055,-24.536217,18.853724,4.088395,-24.961138,19.140804,2.422678,-24.685057,20.771646,3.869500,-25.090466,20.360302,2.335265,-25.426794,20.842560,2.382263,-27.134008,21.992409,-1.576973,-31.377588,19.287411,-6.624104,24.566553,-35.683807,11.073475,27.549623,-36.647488,5.639565,31.726238,-37.203133,0.286039,33.213146,-39.193386,-0.539523,34.450974,-38.315453,-0.749585,35.814068,-45.472900,4.940582,33.860096,-49.060883,5.283985,30.452579,-52.107697,8.853984,26.880110,-54.172062,12.823751,33.152668,-47.849548,9.069340,29.889730,-52.791042,9.882710,24.252884,-55.864605,15.599211,19.829819,-57.335766,20.469610,29.747408,-48.340168,11.843098,26.859365,-52.524529,11.870237,21.821764,-56.006329,17.556135,17.858524,-57.384357,22.789328,26.594149,-47.564804,13.542817,24.635414,-51.204041,13.620447,21.399689,-53.667328,16.146612,17.866648,-55.358002,19.857151,-15.252495,-9.579242,16.470360,-16.076677,-10.229783,10.465757,-21.086666,-9.431206,5.438894,-29.746178,-7.094375,5.677865,-37.863224,-7.435290,4.793999,-26.682850,-2.576286,22.409431,-32.365955,2.253699,18.340582,-34.522316,2.475511,11.939776,-35.961281,2.301493,6.553349,-27.899094,-2.190272,27.698631,-31.405634,2.675308,18.453499,-35.199791,2.901698,13.397300,-38.533657,1.865127,8.698405,-27.628519,-3.501663,29.863720,-29.034121,-1.205289,19.562321,-28.556286,-5.633116,13.182199,-27.523865,-10.816028,9.495903,-26.491405,-5.991467,28.909700,-27.913723,-4.563269,22.378815,-27.286102,-7.660727,19.615023,-27.141642,-12.028154,18.218086
-29.686922,19.238483,-4.638405,-26.507816,12.308735,-4.670534,-11.295396,17.540995,-4.115273,-6.676306,2.761872,-1.044987,-16.662533,-7.280763,18.669262,-31.272594,14.298642,-5.231436,-3.778870,23.203669,10.888028,28.462193,-31.407106,16.678442,-13.484400,-7.051597,6.504572,-2.998542,-4.021963,-1.727732,-0.004555,-4.001255,5.546068,0.074344,-4.987346,7.529414,-17.636368,-7.185946,11.990119,-1.766873,-3.612467,7.101187,-2.151590,-4.905480,9.135283,-28.174191,21.596224,-3.942017,-31.478333,19.121138,-7.456518,-26.003128,21.114285,-9.640182,-10.298497,5.190166,12.969178,-2.222034,-4.964221,9.202139,-2.277932,-4.995747,9.242536,-2.066289,-4.995282,9.074829,0.228077,-5.042727,7.370560,0.332781,-4.932338,7.207099,-0.030910,-5.084686,7.693990,-24.807369,22.573889,-2.914470,-24.379866,22.874739,-2.698771,-23.478695,22.785961,-2.496183,-23.147068,21.732796,-2.834836,-20.724146,21.646244,-0.220432,-19.255451,20.978968,3.253039,-20.193588,18.430910,4.111825,-21.379869,16.613626,5.539617,-24.558355,14.931870,4.279759,-28.503746,13.282021,1.088376,-30.821140,11.982491,-2.617934,-32.223576,12.172935,-3.429392,-32.776066,13.115070,-4.210063,-33.603897,13.297750,-5.838204,-34.354763,13.490492,-8.002367,-34.644421,14.078712,-9.648947,-34.592728,14.137114,-10.035821,-24.944843,24.057323,1.112704,-25.222332,24.280056,0.954584,-26.715853,23.707396,-0.273362,-27.826714,23.296593,-1.288107,-29.045862,22.591413,-1.815700,-30.714331,21.324810,-3.616109,-31.627188,20.331776,-5.116945,-32.154606,19.761211,-6.080752,-33.045357,18.622856,-7.704635,-33.226105,17.927465,-7.902134,-28.471189,21.298098,-2.112511,-27.793472,21.821760,-0.796558,-27.671038,21.485649,0.637144,-28.120211,21.033449,0.879199,-27.299726,20.170589,1.502928,-27.300871,20.441547,2.134830,-27.406652,20.807646,2.582568,-28.158875,20.047049,1.490252,-28.355492,19.943951,0.941392,-25.889793,22.743080,1.066851,-26.649965,22.698988,0.059732,-28.206394,21.558620,-1.569703,-28.711939,20.537958,-2.124491,-27.788885,20.916933,-1.433159,-26.486315,21.930290,0.321664,-30.661854,19.402239,-4.490661,-31.473873,19.431665,-5.399225,-32.229721,18.864582,-5.976719,-32.733727,18.372862,-6.719367,-32.234531,18.137960,-6.184161,-31.314205,18.739389,-4.952676,-24.308710,20.488667,4.861899,-26.039196,19.291136,3.177043,-26.382179,19.644594,3.691894,-26.421906,18.795940,3.946635,-26.644968,18.920282,3.793596,-26.499130,18.740421,3.409011,-25.815657,18.321178,2.992984,-25.297047,18.658968,3.600002,-24.782598,18.456007,4.719637,-25.089066,18.461355,4.119871,-25.035355,18.648172,3.808807,-24.430613,19.784887,4.276618,-24.961943,20.131813,4.411738,-26.315403,17.662266,3.376452,-25.927284,17.369583,4.184604,-25.077492,18.626348,4.795779,-25.494881,18.921663,3.105953,-25.235018,20.557047,4.532886,-25.620554,20.168171,3.025280,-25.924828,20.662897,3.094622,-27.591228,21.726568,-1.007460,-31.789581,19.029377,-5.998376,25.542820,-35.774734,10.485718,28.609362,-36.978104,4.944576,32.937618,-37.723053,-0.584620,34.530109,-39.901333,-1.415222,35.796928,-39.088932,-1.582949,37.160496,-45.970207,3.851303,35.162594,-49.714878,4.131500,31.665543,-52.824303,7.678430,27.991627,-54.907215,11.670391,34.443142,-48.293945,8.024674,31.141966,-53.408218,8.730847,25.342890,-56.504360,14.446653,20.803070,-57.949402,19.326109,30.947687,-48.714600,10.885921,28.035812,-53.068409,10.800813,22.851240,-56.554779,16.430542,18.769835,-57.886375,21.639688,27.689064,-47.849277,12.708763,25.729080,-51.659416,12.713263,22.419640,-54.147091,15.169416,18.803007,-55.834759,18.854649,-15.411139,-10.356101,15.634757,-16.381264,-11.011018,9.687395,-21.843748,-10.149750,4.768687,-31.029467,-7.606826,4.977069,-39.508617,-7.841473,4.069410,-27.796713,-2.758879,21.929192,-33.817669,2.393345,17.766075,-36.111351,2.619753,11.197564,-37.621288,2.396907,5.656425,-28.997683,-2.335741,27.212383,-32.834927,2.742797,17.812496,-36.723122,2.938281,12.441916,-40.068165,1.843790,7.514562,-28.675508,-3.730171,29.327051,-30.336496,-1.314915,18.902866,-29.897459,-5.909167,12.270310,-28.843000,-11.272347,8.411715,-27.466354,-6.361336,28.304092,-29.097248,-4.803257,21.707880,-28.509729,-7.981225,18.783020,-28.388142,-12.449233,17.257900
-30.177780,19.003416,-4.055818,-26.632528,12.201948,-3.869614,-11.246474,17.426174,-3.229121,-5.767972,3.271703,-2.506592,-16.709322,-8.091279,17.632647,-31.508650,14.238392,-4.498055,-4.693959,24.131424,11.547603,29.272532,-31.243319,16.278984,-13.673594,-7.242658,7.310758,-3.074340,-4.213998,-1.015209,0.182551,-3.736255,5.738568,0.264761,-4.723547,7.741598,-17.869865,-7.372165,12.753811,-1.549887,-3.375766,7.182293,-1.926739,-4.684627,9.231699,-28.647491,21.374289,-3.474226,-31.948885,18.874300,-6.963982,-26.385754,20.900145,-9.262949,-10.521215,5.602360,12.895504,-1.995219,-4.744988,9.290843,-2.049239,-4.778640,9.322754,-1.843349,-4.771742,9.177855,0.416408,-4.777219,7.588789,0.519214,-4.665651,7.431371,0.161455,-4.822198,7.900118,-25.183664,22.423725,-2.483568,-24.762173,22.731165,-2.198019,-23.859102,22.657650,-1.926584,-23.511490,21.616884,-2.212849,-21.065880,21.567450,0.419161,-19.619070,20.907207,3.958863,-20.618591,18.318174,4.826500,-21.835154,16.455185,6.352954,-25.040695,14.736036,5.171941,-28.976620,13.049416,1.911859,-31.269707,11.740467,-1.791533,-32.660355,11.936349,-2.669822,-33.185127,12.908031,-3.504731,-33.993881,13.121352,-5.180961,-34.729244,13.325145,-7.398141,-35.006344,13.914759,-9.073045,-34.940609,13.972838,-9.493233,-25.394455,23.913185,1.598765,-25.683804,24.122986,1.453826,-27.191069,23.529068,0.234717,-28.306044,23.114363,-0.753433,-29.536711,22.399166,-1.252043,-31.192240,21.129526,-3.035701,-32.089142,20.126623,-4.552736,-32.600796,19.559069,-5.532241,-33.463100,18.424368,-7.147659,-33.631535,17.731712,-7.348685,-28.964514,21.099689,-1.534518,-28.294291,21.634190,-0.166801,-28.182863,21.304482,1.316322,-28.647156,20.859194,1.552609,-27.817078,19.993727,2.179035,-27.827799,20.278955,2.831554,-27.939064,20.657082,3.301617,-28.658413,19.886831,2.232158,-28.848579,19.779331,1.677155,-26.359455,22.571672,1.615960,-27.123524,22.516674,0.604325,-28.685522,21.355480,-1.036970,-29.178200,20.323702,-1.551880,-28.260981,20.711744,-0.884813,-26.958317,21.741951,0.866178,-31.111214,19.193346,-3.896397,-31.914297,19.229992,-4.794439,-32.660698,18.664053,-5.367742,-33.160519,18.177355,-6.112732,-32.665241,17.935867,-5.573804,-31.750465,18.530634,-4.341334,-24.746849,20.417749,5.611558,-26.527933,19.167988,3.920631,-26.888214,19.514990,4.432438,-26.945812,18.656961,4.677175,-27.184027,18.761963,4.492867,-27.041035,18.585823,4.104527,-26.353624,18.163710,3.687490,-25.825251,18.515070,4.322417,-25.305904,18.311567,5.456729,-25.605804,18.319719,4.844023,-25.524624,18.518305,4.532523,-24.897728,19.688637,5.031851,-25.424091,20.054329,5.134971,-26.801115,17.526056,4.135676,-26.439945,17.217381,4.937284,-25.622145,18.473951,5.516354,-26.027555,18.771601,3.804512,-25.784784,20.408766,5.208347,-26.151175,20.044664,3.730666,-26.421846,20.553211,3.826769,-28.062815,21.528339,-0.452971,-32.225300,18.830673,-5.396949,26.384766,-35.707863,9.899687,29.551405,-37.206047,4.283970,34.066128,-38.204319,-1.382225,35.786732,-40.605854,-2.199852,37.092243,-39.882229,-2.311229,38.435833,-46.392162,2.794252,36.404682,-50.308998,2.995824,32.820763,-53.479477,6.500216,29.050135,-55.580738,10.497924,35.638386,-48.626682,6.990287,32.306370,-53.922882,7.571591,26.353102,-57.030258,13.253525,21.710821,-58.441071,18.109547,32.033619,-48.947178,9.921832,29.099552,-53.479473,9.715976,23.776033,-56.953983,15.252868,19.591145,-58.228222,20.400240,28.652012,-47.964989,11.852379,26.692238,-51.953979,11.780330,23.312853,-54.458267,14.146507,19.624393,-56.136314,17.781275,-15.431638,-11.224628,14.565171,-16.534634,-11.849114,8.693904,-22.472784,-10.904224,3.928663,-32.212818,-8.154206,4.139334,-41.077240,-8.262920,3.221322,-28.843983,-3.026943,21.276012,-35.211536,2.465602,17.034866,-37.634148,2.714603,10.313291,-39.211170,2.464946,4.636285,-30.057367,-2.583762,26.541546,-34.239170,2.732478,16.997372,-38.209843,2.892033,11.315935,-41.548954,1.739241,6.170089,-29.704618,-4.071630,28.598650,-31.626984,-1.512341,18.057983,-31.223841,-6.281718,11.189344,-30.143167,-11.836041,7.173602,-28.436831,-6.850471,27.504272,-30.287144,-5.144577,20.839010,-29.745903,-8.407399,17.755964,-29.653011,-12.985422,16.109556
-30.715120,18.862179,-3.447931,-26.739798,12.156703,-3.022834,-11.186972,17.356949,-2.293167,-4.774424,3.826591,-4.110045,-16.664120,-8.973348,16.366785,-31.735271,14.235972,-3.712821,-5.668434,25.087408,12.158847,29.937061,-31.040659,15.861716,-13.839615,-7.376465,8.134442,-3.154683,-4.354984,-0.275695,0.356296,-3.460553,5.950264,0.441611,-4.448032,7.971413,-18.071373,-7.502135,13.531631,-1.337602,-3.124453,7.283990,-1.705724,-4.448777,9.348402,-29.164669,21.227543,-2.993878,-32.453831,18.711744,-6.440791,-26.806992,20.732742,-8.874855,-10.704728,6.027825,12.819782,-1.771753,-4.510689,9.399616,-1.823377,-4.546663,9.422749,-1.624783,-4.533306,9.301284,0.590687,-4.500251,7.824534,0.691248,-4.387702,7.672951,0.340633,-4.547842,8.124048,-25.592892,22.334021,-2.034378,-25.177364,22.651913,-1.671247,-24.271299,22.598183,-1.322245,-23.904915,21.575701,-1.546663,-21.426064,21.571957,1.115372,-19.996487,20.924063,4.730900,-21.058685,18.298641,5.611249,-22.311007,16.389761,7.231599,-25.549517,14.633938,6.127272,-29.476730,12.910381,2.798632,-31.758846,11.586661,-0.909408,-33.145874,11.781925,-1.866095,-33.645718,12.783505,-2.762370,-34.431553,13.026855,-4.481135,-35.148964,13.239132,-6.749574,-35.409363,13.826437,-8.451580,-35.327282,13.879452,-8.909939,-25.878801,23.839756,2.102965,-26.178699,24.037621,1.974919,-27.701128,23.423702,0.765434,-28.822704,23.007013,-0.196800,-30.067156,22.280939,-0.667060,-31.706902,21.013411,-2.431259,-32.589657,19.997965,-3.965922,-33.085361,19.431707,-4.961768,-33.920059,18.299768,-6.568304,-34.074459,17.610798,-6.767784,-29.494385,20.984781,-0.924137,-28.832094,21.534744,0.500617,-28.733986,21.216482,2.034262,-29.216873,20.781673,2.264015,-28.375431,19.910370,2.897917,-28.395039,20.213148,3.572312,-28.510626,20.604969,4.067676,-29.200293,19.822571,3.014196,-29.382711,19.711189,2.456093,-26.867031,22.477057,2.189638,-27.634092,22.410692,1.174711,-29.203312,21.229141,-0.477232,-29.684082,20.188093,-0.949580,-28.772917,20.584599,-0.308526,-27.468658,21.630985,1.436618,-31.600393,19.064657,-3.272121,-32.395283,19.106001,-4.161973,-33.132172,18.541649,-4.731359,-33.627159,18.061216,-5.475531,-33.137249,17.814510,-4.934106,-32.227001,18.402832,-3.701403,-25.212225,20.444334,6.416228,-27.050600,19.145174,4.715874,-27.431581,19.485794,5.223871,-27.507736,18.620024,5.456155,-27.763283,18.703333,5.237287,-27.621117,18.529055,4.844698,-26.922613,18.102766,4.433678,-26.384850,18.466541,5.096245,-25.860317,18.262003,6.247419,-26.153378,18.272842,5.620284,-26.045904,18.483637,5.309776,-25.394014,19.689053,5.843360,-25.913788,20.075993,5.913499,-27.320871,17.492064,4.948250,-26.987644,17.167377,5.740398,-26.200418,18.421560,6.286811,-26.591682,18.717926,4.552705,-26.367222,20.353716,5.931316,-26.714502,20.015913,4.486977,-26.949463,20.540167,4.614403,-28.572735,21.406523,0.130205,-32.701298,18.710733,-4.766965,27.075603,-35.590088,9.316537,30.353308,-37.407692,3.637344,35.073170,-38.690456,-2.151884,36.933670,-41.334293,-2.943196,38.285534,-40.714970,-2.993203,39.578606,-46.792561,1.767684,37.517342,-50.886257,1.892328,33.841949,-54.112316,5.349506,29.970787,-56.227856,9.349385,36.682007,-48.917870,5.986010,33.316910,-54.391521,6.439806,27.206278,-57.487820,12.067122,22.468307,-58.846378,16.872728,32.956013,-49.123135,8.984541,29.995001,-53.831688,8.659853,24.524679,-57.269608,14.085679,20.240547,-58.467594,19.143476,29.443424,-48.012047,11.015870,27.479872,-52.179565,10.873426,24.025896,-54.688316,13.143376,20.266396,-56.345032,16.717167,-15.355975,-12.163539,13.269122,-16.582407,-12.730984,7.483156,-23.017078,-11.683916,2.904892,-33.339539,-8.716491,3.146348,-42.614979,-8.672064,2.229484,-29.851484,-3.354090,20.444887,-36.575706,2.502549,16.145586,-39.123001,2.789715,9.280239,-40.764179,2.529874,3.478298,-31.099924,-2.898591,25.694008,-35.646038,2.686016,16.022823,-39.689274,2.806685,10.022733,-43.003654,1.593994,4.656639,-30.733479,-4.484276,27.696259,-32.925152,-1.747389,17.061003,-32.560150,-6.692109,9.979221,-31.454762,-12.443247,5.823599,-29.418030,-7.413673,26.536432,-31.496817,-5.534956,19.813185,-31.007393,-8.880913,16.584661,-30.949656,-13.571791,14.832180
-31.317581,18.847155,-2.762293,-26.851801,12.216092,-2.106848,-11.146246,17.375408,-1.280477,-3.726138,4.436889,-5.845843,-16.543070,-9.902131,14.860422,-31.967419,14.332863,-2.858835,-6.647347,26.034393,12.689270,30.420778,-30.871162,15.421100,-13.970702,-7.410917,8.983754,-3.247059,-4.407031,0.513456,0.512906,-3.161914,6.193886,0.601038,-4.148888,8.231946,-18.219913,-7.534072,14.320889,-1.129559,-2.844365,7.412617,-1.487943,-4.184451,9.491032,-29.743498,21.183834,-2.447202,-33.006657,18.666544,-5.827715,-27.291365,20.639364,-8.429028,-10.836274,6.460283,12.754753,-1.550851,-4.247900,9.533732,-1.599386,-4.286236,9.547434,-1.410126,-4.266528,9.451100,0.746862,-4.200039,8.091312,0.844541,-4.086652,7.945848,0.503030,-4.249700,8.378407,-26.058680,22.327988,-1.516573,-25.649738,22.664749,-1.067180,-24.739365,22.639750,-0.631383,-24.351006,21.645027,-0.784467,-21.826448,21.698694,1.916994,-20.408131,21.070412,5.616512,-21.534803,18.413250,6.515111,-22.827927,16.458944,8.224556,-26.106318,14.667776,7.192400,-30.026251,12.906419,3.796335,-32.312424,11.559149,0.075874,-33.705147,11.746110,-0.970597,-34.182510,12.776422,-1.935045,-34.941238,13.047490,-3.690772,-35.637676,13.264642,-6.008374,-35.876671,13.845412,-7.737328,-35.774307,13.887833,-8.236816,-26.415230,23.858498,2.681498,-26.722343,24.044859,2.575578,-28.260027,23.412607,1.377902,-29.388754,22.997168,0.442991,-30.649200,22.261517,0.000637,-32.270386,21.003172,-1.742529,-33.139832,19.973087,-3.294801,-33.619072,19.407413,-4.307326,-34.428387,18.277998,-5.905247,-34.568905,17.594196,-6.099972,-30.073689,20.981205,-0.218581,-29.420137,21.552368,1.267032,-29.338472,21.251369,2.849584,-29.845827,20.831362,3.067981,-28.993675,19.953903,3.714354,-29.020830,20.277962,4.410078,-29.139423,20.685410,4.931439,-29.804279,19.887671,3.887536,-29.977226,19.773186,3.332107,-27.431761,22.483583,2.843575,-28.199436,22.406025,1.827782,-29.776352,21.205578,0.168698,-30.246243,20.158600,-0.257536,-29.342098,20.562368,0.354943,-28.036011,21.623247,2.089516,-32.145763,19.046101,-2.558449,-32.932632,19.090097,-3.443144,-33.659550,18.528137,-4.008104,-34.150440,18.056252,-4.750095,-33.667488,17.805208,-4.206213,-32.760445,18.386620,-2.973416,-25.720501,20.608936,7.330153,-27.625130,19.259953,5.617550,-28.030155,19.593285,6.118699,-28.126606,18.721096,6.336180,-28.403175,18.779634,6.076683,-28.261259,18.607151,5.677944,-27.545815,18.177162,5.277964,-26.998779,18.553984,5.969022,-26.468107,18.348434,7.140996,-26.753605,18.361532,6.499121,-26.620008,18.584963,6.193357,-25.938507,19.826822,6.764670,-26.447905,20.236927,6.799141,-27.893806,17.598452,5.867447,-27.590300,17.257288,6.646309,-26.832724,18.507374,7.157043,-27.209570,18.799461,5.398218,-27.004211,20.430225,6.751879,-27.331312,20.120142,5.345612,-27.527252,20.663168,5.510129,-29.139170,21.386730,0.798229,-33.233944,18.700207,-4.050455,27.571241,-35.490013,8.729281,30.964005,-37.638454,2.992698,35.897934,-39.223156,-2.914125,37.902485,-42.122143,-3.662970,39.308773,-41.621124,-3.651789,40.513416,-47.219040,0.782998,38.413105,-51.487930,0.849111,34.628654,-54.759815,4.268615,30.640926,-56.881371,8.279422,37.498341,-49.221127,5.034701,34.080219,-54.855812,5.375129,27.792997,-57.905243,10.937600,22.958853,-59.182713,15.668221,33.642590,-49.301388,8.101926,30.635490,-54.173725,7.674155,24.993151,-57.539127,12.984887,20.605810,-58.632996,17.929489,29.997360,-48.054291,10.226871,28.014444,-52.392605,10.033635,24.471169,-54.888103,12.213151,20.631855,-56.506348,15.726768,-15.201599,-13.149796,11.728860,-16.541355,-13.632679,6.029215,-23.491022,-12.461474,1.665484,-34.425255,-9.256907,1.966290,-44.144447,-9.020118,1.061825,-30.819420,-3.713181,19.407803,-37.910480,2.536871,15.071287,-40.580505,2.878158,8.063309,-42.283104,2.623135,2.139429,-32.126049,-3.247947,24.651787,-37.062469,2.643912,14.870722,-41.168179,2.723415,8.527761,-44.435841,1.447047,2.927067,-31.763845,-4.931434,26.609409,-34.233208,-1.971784,15.908573,-33.912491,-7.083695,8.639403,-32.788780,-13.032724,4.362045,-30.413597,-8.011401,25.396843,-32.726650,-5.926131,18.632217,-32.293427,-9.348255,15.276141,-32.277645,-14.149451,13.438023
-31.999477,19.009424,-1.930053,-26.980793,12.429722,-1.085493,-11.147947,17.527397,-0.155348,-2.658481,5.123465,-7.689627,-16.345844,-10.835893,13.092397,-32.211849,14.576655,-1.903415,-7.596386,26.959209,13.116506,30.656292,-30.793736,14.943611,-14.046689,-7.303255,9.878044,-3.351270,-4.330411,1.386492,0.646345,-2.831863,6.481592,0.736879,-3.817975,8.535281,-18.289289,-7.426940,15.131806,-0.928726,-2.524859,7.574856,-1.276435,-3.881477,9.664861,-30.398623,21.288237,-1.764475,-33.617725,18.787897,-5.050880,-27.860119,20.661489,-7.866730,-10.892468,6.891868,12.711819,-1.335384,-3.946508,9.698075,-1.379995,-3.987201,9.701411,-1.202533,-3.961368,9.632889,0.878622,-3.868584,8.401628,0.972592,-3.754535,8.263007,0.642678,-3.919639,8.674832,-26.600826,22.442961,-0.861689,-26.198902,22.812162,-0.316432,-25.282007,22.829252,0.215332,-24.866989,21.875736,0.143823,-22.279377,22.002064,2.893927,-20.862869,21.402843,6.685254,-22.056133,18.718531,7.609355,-23.394745,16.720528,9.401616,-26.721395,14.896308,8.433536,-30.637224,13.095261,4.972785,-32.947369,11.711110,1.228152,-34.358662,11.878921,0.078658,-34.817383,12.934588,-0.961316,-35.545612,13.228613,-2.749143,-36.218426,13.444955,-5.113895,-36.430740,14.013738,-6.869633,-36.302917,14.039084,-7.410705,-27.015858,24.006365,3.412095,-27.324877,24.181030,3.335117,-28.876995,23.532778,2.152316,-30.011990,23.123083,1.247346,-31.290838,22.381069,0.831572,-32.891422,21.140293,-0.891933,-33.748566,20.093288,-2.461403,-34.211342,19.527571,-3.491782,-34.999893,18.400242,-5.083138,-35.128521,17.723318,-5.271808,-30.710543,21.132668,0.664870,-30.066372,21.732361,2.213387,-30.004654,21.455276,3.840484,-30.544416,21.055326,4.039776,-29.683561,20.174873,4.702806,-29.716015,20.523731,5.417543,-29.836082,20.948895,5.963067,-30.484165,20.131577,4.921805,-30.645861,20.014734,4.377211,-28.067596,22.632084,3.654387,-28.832197,22.543819,2.641263,-30.416510,21.327250,0.980785,-30.877033,20.279203,0.604340,-29.981155,20.688564,1.185737,-28.673803,21.761106,2.902421,-32.761059,19.182426,-1.679296,-33.540142,19.226603,-2.563380,-34.256569,18.667686,-3.123386,-34.745575,18.207325,-3.863672,-34.271168,17.953035,-3.315905,-33.365185,18.527014,-2.081952,-26.277664,20.968191,8.429588,-28.261019,19.566948,6.702791,-28.693970,19.890581,7.190938,-28.813921,19.012972,7.390156,-29.117382,19.042374,7.080577,-28.976273,18.872782,6.671956,-28.238108,18.440506,6.286164,-27.681364,18.833462,7.009078,-27.142406,18.627462,8.208683,-27.419191,18.642597,7.552803,-27.258633,18.879318,7.259179,-26.540745,20.158974,7.872423,-27.033827,20.593256,7.865973,-28.530838,17.900354,6.968215,-28.259747,17.541557,7.728207,-27.531288,18.785843,8.197351,-27.895012,19.070425,6.409083,-27.709023,20.692039,7.742158,-28.013645,20.411074,6.380545,-28.165716,20.977579,6.589663,-29.775459,21.510916,1.627959,-33.837696,18.843452,-3.173620,27.792175,-35.460007,8.127847,31.293827,-37.948933,2.348290,36.442780,-39.851921,-3.666742,38.586838,-43.018520,-4.347106,40.057598,-42.652573,-4.278479,41.131943,-47.725327,-0.128418,38.962502,-52.162506,-0.080864,35.029072,-55.463825,3.327748,30.889671,-57.576508,7.372686,37.974113,-49.588085,4.172763,34.452175,-55.352516,4.436998,27.947077,-58.299965,9.933531,23.009407,-59.453442,14.562440,33.980953,-49.531189,7.308554,30.882669,-54.541565,6.813889,25.022572,-57.781857,12.017374,20.522696,-58.732105,16.822468,30.206734,-48.138180,9.511604,28.168444,-52.630039,9.307288,24.508556,-55.086456,11.414881,20.571278,-56.642239,14.879355,-14.968382,-14.143123,9.913998,-16.408045,-14.506576,4.293231,-23.886768,-13.181692,0.166912,-35.461414,-9.709578,0.556897,-45.667782,-9.222524,-0.324741,-31.719593,-4.063579,18.118946,-39.185135,2.613789,13.763595,-41.976784,3.027974,6.601319,-43.737717,2.794261,0.548628,-33.111080,-3.588963,23.378199,-38.470753,2.659028,13.496742,-42.626308,2.694561,6.761729,-45.820072,1.347557,0.895947,-32.775761,-5.366269,25.307621,-35.529610,-2.123388,14.570550,-35.262142,-7.383799,7.138445,-34.131027,-13.525499,2.756049,-31.409046,-8.593636,24.060993,-33.956169,-6.257669,17.269655,-33.581120,-9.743538,13.805240,-33.613354,-14.646820,11.904282
-32.768375,19.415464,-0.863567,-27.132591,12.855157,0.089237,-11.218447,17.864773,1.124884,-1.632580,5.919532,-9.585185,-16.063166,-11.701908,11.049506,-32.465469,15.022604,-0.799795,-8.480877,27.862930,13.425296,30.544546,-30.869497,14.412611,-14.037654,-7.004408,10.845112,-3.460880,-4.078594,2.389563,0.748239,-2.463449,6.824693,0.840566,-3.448886,8.892407,-18.244955,-7.134567,15.982529,-0.740941,-2.156606,7.776523,-1.077291,-3.530942,9.873428,-31.138809,21.599485,-0.855785,-34.290527,19.139011,-4.017874,-28.529915,20.852306,-7.112947,-10.838893,7.310378,12.701828,-1.131337,-3.597681,9.895834,-1.171066,-3.640798,9.887599,-1.008194,-3.609122,9.850547,0.977291,-3.499685,8.766963,1.066541,-3.385133,8.636427,0.751191,-3.551276,9.023795,-27.235258,22.725958,0.019840,-26.840242,23.147308,0.670857,-25.913527,23.224674,1.306285,-25.465178,22.330336,1.327388,-22.790634,22.548378,4.136407,-21.361248,21.990671,8.027100,-22.623226,19.283934,8.985847,-24.010885,17.246832,10.851856,-27.394875,15.393967,9.935512,-31.311947,13.550184,6.415435,-33.672302,12.110369,2.627990,-35.119816,12.243945,1.360139,-35.565975,13.318551,0.237344,-36.262127,13.627157,-1.579246,-36.909836,13.833814,-3.989713,-37.089520,14.383451,-5.771146,-36.929928,14.384224,-6.350582,-27.686249,24.330402,4.396882,-27.989517,24.492491,4.357364,-29.554077,23.831837,3.193220,-30.692699,23.433933,2.321756,-31.992481,22.691166,1.929370,-33.571148,21.477772,0.219848,-34.417751,20.411098,-1.366451,-34.864929,19.844473,-2.417082,-35.640678,18.718212,-4.006513,-35.761543,18.049854,-4.190289,-31.405182,21.494862,1.832745,-30.770678,22.132427,3.443086,-30.732702,21.886667,5.106678,-31.314880,21.513288,5.276725,-30.448471,20.637411,5.958328,-30.482521,21.013622,6.687809,-30.602257,21.458689,7.252432,-31.246017,20.616562,6.206308,-31.394747,20.497812,5.683145,-28.782228,22.974943,4.721474,-29.538380,22.876852,3.715887,-31.128691,21.649048,2.062703,-31.582249,20.606607,1.739094,-30.695993,21.019396,2.287635,-29.388929,22.099024,3.976103,-33.453949,19.530701,-0.538062,-34.225601,19.571678,-1.427971,-34.930996,19.016005,-1.982964,-35.422134,18.570749,-2.724297,-34.957809,18.315004,-2.169376,-34.049690,18.881266,-0.931371,-26.880484,21.591480,9.812984,-28.959131,20.134413,8.071535,-29.424385,20.444017,8.536446,-29.572647,19.561808,8.712183,-29.911259,19.556149,8.339546,-29.772436,19.391762,7.915203,-29.004969,18.959351,7.544533,-28.437620,19.375065,8.306376,-27.887058,19.169804,9.544045,-28.154081,19.187170,8.875490,-27.964830,19.437881,8.606536,-27.201529,20.756165,9.266467,-27.669794,21.213781,9.210261,-29.234367,18.466463,8.347584,-28.999155,18.088205,9.080703,-28.299129,19.324978,9.499350,-28.652311,19.598650,7.674976,-28.485754,21.206602,8.997772,-28.764599,20.955627,7.688971,-28.866489,21.552107,7.951839,-30.488363,21.833166,2.719033,-34.521149,19.196466,-2.042765,27.622332,-35.551136,7.503275,31.210823,-38.394753,1.715545,36.564732,-40.638378,-4.383045,38.829338,-44.086330,-4.951056,40.376495,-43.877087,-4.831121,41.281006,-48.377037,-0.907806,38.977257,-52.968662,-0.807041,34.819935,-56.271717,2.641169,30.465828,-58.349705,6.761953,37.947643,-50.076225,3.459362,34.223812,-55.917828,3.717470,27.432838,-58.681198,9.152879,22.381165,-59.649693,13.642753,33.810120,-49.861961,6.655245,30.535889,-54.964962,6.159011,24.390743,-58.004192,11.271143,19.769197,-58.756744,15.898321,29.917522,-48.304684,8.903945,27.757124,-52.918545,8.756719,23.938248,-55.298679,10.825064,19.876160,-56.759117,14.260653,-14.646703,-15.072221,7.797858,-16.168089,-15.270291,2.237953,-24.180248,-13.752321,-1.636573,-36.416836,-9.970374,-1.128600,-47.165802,-9.149439,-1.980732,-32.493454,-4.340529,16.522663,-40.334122,2.799876,12.159698,-43.245552,3.310399,4.812699,-45.060699,3.118494,-1.388561,-34.000496,-3.856477,21.827023,-39.822567,2.806740,11.838513,-44.010315,2.793993,4.627350,-47.095592,1.365292,-1.555063,-33.721500,-5.719199,23.750444,-36.761314,-2.114707,13.000272,-36.557228,-7.490479,5.423120,-35.433174,-13.809666,0.946945,-32.364666,-9.086344,22.494143,-35.135151,-6.444607,15.681960,-34.815369,-9.975604,12.125697,-34.898697,-14.965738,10.183208
-33.619965,20.127943,0.522438,-27.307381,13.542879,1.462252,-11.384066,18.432611,2.596037,-0.733111,6.856838,-11.446558,-15.687031,-12.405237,8.743279,-32.716175,15.719170,0.497971,-9.263927,28.752165,13.609349,29.981112,-31.153738,13.816097,-13.912232,-6.469947,11.911870,-3.565195,-3.609034,3.567187,0.809589,-2.053919,7.230251,0.902904,-3.039523,9.310081,-18.053226,-6.615781,16.891739,-0.574153,-1.734732,8.020435,-0.898917,-3.128282,10.117025,-31.961338,22.173315,0.369279,-35.016983,19.779797,-2.638767,-29.306545,21.262266,-6.092734,-10.639592,7.698775,12.734070,-0.947054,-3.196878,10.127020,-0.980915,-3.242624,10.105911,-0.835509,-3.205440,10.104609,1.033633,-3.091456,9.194532,1.117050,-2.976514,9.073797,0.819462,-3.142555,9.431615,-27.968260,23.219515,1.218354,-27.579451,23.718384,1.983840,-26.638767,23.878075,2.727505,-26.148542,23.064751,2.852096,-23.357286,23.396307,5.731528,-21.894983,22.895298,9.728051,-23.227306,20.171165,10.732243,-24.665613,18.103554,12.659632,-28.115416,16.229528,11.778147,-32.040916,14.339291,8.207117,-34.483166,12.820230,4.350439,-35.988815,12.900710,2.947589,-36.430828,13.984709,1.735905,-37.095669,14.295594,-0.107787,-37.718472,14.480303,-2.562927,-37.859184,15.002096,-4.367198,-37.660610,14.970299,-4.977257,-28.421494,24.873226,5.739270,-28.708849,25.021324,5.747361,-30.282425,24.353561,4.606072,-31.419991,23.975143,3.772434,-32.743034,23.239840,3.397775,-34.299065,22.064816,1.691677,-35.137756,20.975460,0.088648,-35.571178,20.406742,-0.985673,-36.345654,19.279881,-2.580749,-36.465191,18.621603,-2.763793,-32.146435,22.119081,3.390791,-31.521547,22.805559,5.057579,-31.511160,22.598808,6.745725,-32.147438,22.259598,6.874571,-31.279844,21.400204,7.572852,-31.310154,21.804779,8.311163,-31.427450,22.271954,8.886266,-32.083855,21.399172,7.827722,-32.218124,21.278608,7.338370,-29.572651,23.560133,6.143894,-30.313089,23.453659,5.152217,-31.906368,22.222250,3.518023,-32.356461,21.193895,3.248748,-31.481272,21.607388,3.764040,-30.177404,22.687330,5.411061,-34.220802,20.144091,0.960134,-34.985348,20.177488,0.056206,-35.679066,19.624802,-0.494346,-36.178211,19.198645,-1.242010,-35.725391,18.944210,-0.674765,-34.811096,19.502647,0.572068,-27.515266,22.540094,11.575532,-29.709175,21.023695,9.820909,-30.211159,21.313196,10.248380,-30.393902,20.427122,10.393544,-30.777910,20.379232,9.942156,-30.643509,20.223539,9.494267,-29.838917,19.793852,9.137006,-29.260073,20.242601,9.948758,-28.693693,20.039762,11.238404,-28.950518,20.059919,10.558864,-28.730139,20.325111,10.332486,-27.910730,21.681690,11.043841,-28.343372,22.159264,10.925423,-29.995371,19.358383,10.099508,-29.799862,18.958433,10.795453,-29.127037,20.186243,11.152449,-29.472990,20.445772,9.283767,-29.326160,22.035254,10.613287,-29.575304,21.814075,9.366388,-29.619694,22.448397,9.692990,-31.273521,22.403694,4.170596,-35.281471,19.811218,-0.565928,26.938879,-35.807579,6.852378,30.571499,-39.025913,1.120147,36.103924,-41.639812,-5.012370,38.446968,-45.381790,-5.397773,40.080650,-45.354565,-5.231353,40.788708,-49.234028,-1.472473,38.238503,-53.955605,-1.205002,33.739750,-57.217064,2.362314,29.076511,-59.219498,6.620558,37.239449,-50.734184,2.972326,33.160576,-56.574703,3.332559,25.998882,-59.043327,8.705099,20.832067,-59.749180,12.993971,32.954166,-50.332161,6.205261,29.374573,-55.458225,5.805163,22.867262,-58.196136,10.837221,18.127398,-58.684364,15.223191,28.964645,-48.582306,8.443224,26.580904,-53.268517,8.452563,22.549498,-55.522587,10.524445,18.333160,-56.845718,13.954487,-14.227917,-15.843714,5.376693,-15.807770,-15.820234,-0.153048,-24.340731,-14.061686,-3.775708,-37.244350,-9.918560,-3.126033,-48.598320,-8.654716,-3.948231,-33.064404,-4.465807,14.572639,-41.268391,3.169539,10.204009,-44.295349,3.804906,2.622009,-46.159050,3.680462,-3.760579,-34.719807,-3.972843,19.960819,-41.044342,3.170922,9.838059,-45.240475,3.104329,2.030386,-48.175648,1.579386,-4.541029,-34.532635,-5.907338,21.905321,-37.849247,-1.848417,11.154540,-37.716900,-7.290072,3.438741,-36.615639,-13.758679,-1.129659,-33.220165,-9.400685,20.668671,-36.188053,-6.390796,13.828488,-35.913311,-9.942445,10.190261,-36.044960,-14.996856,8.221551
-34.532341,21.158665,2.255957,-27.499685,14.497910,3.039809,-11.653436,19.235788,4.256974,-0.025503,7.933851,-13.193095,-15.224539,-12.876954,6.222256,-32.950489,16.670969,1.999097,-9.926420,29.624811,13.677900,28.929436,-31.660582,13.158852,-13.660971,-5.694451,13.083873,-3.654305,-2.915726,4.927908,0.825324,-1.612984,7.693159,0.918758,-2.600095,9.783190,-17.708466,-5.866493,17.865597,-0.436548,-1.268288,8.302185,-0.750100,-2.682382,10.390210,-32.845451,23.022024,1.946586,-35.774845,20.722883,-0.883092,-30.174423,21.904303,-4.777605,-10.283185,8.039906,12.813037,-0.791458,-2.752972,10.386258,-0.818594,-2.801589,10.351111,-0.693095,-2.759353,10.389604,1.042699,-2.654125,9.679286,1.119304,-2.538921,9.570156,0.842205,-2.703669,9.893110,-28.785479,23.930475,2.769393,-28.401602,24.533108,3.654934,-27.442707,24.796816,4.507094,-26.901552,24.085974,4.743858,-23.963032,24.551231,7.705125,-22.446014,24.121689,11.811796,-23.849417,21.385021,12.872427,-25.338280,19.297762,14.846575,-28.861044,17.412066,13.979226,-32.802681,15.472388,10.367067,-35.359123,13.849940,6.410315,-36.945694,13.858121,4.855694,-37.392990,14.940868,3.551187,-38.028873,15.240262,1.681761,-38.628258,15.389862,-0.815634,-38.724213,15.875444,-2.637398,-38.479530,15.804168,-3.267097,-29.201828,25.641352,7.481674,-29.462057,25.774109,7.548213,-31.040312,25.105579,6.433812,-32.170929,24.754751,5.642233,-33.519165,24.036175,5.277605,-35.052982,22.909760,3.559916,-35.886887,21.795219,1.939955,-36.309074,21.223135,0.837869,-37.095509,20.093668,-0.772331,-37.221359,19.446415,-0.961066,-32.911331,23.013445,5.377180,-32.295807,23.759420,7.091877,-32.316578,23.598234,8.790227,-33.018707,23.300379,8.865733,-32.154789,22.470835,9.575135,-32.175335,22.903366,10.315647,-32.288090,23.394484,10.890572,-32.976166,22.485420,9.812065,-33.094837,22.363066,9.368925,-30.419380,24.395050,7.959445,-31.135836,24.282106,6.988914,-32.727718,23.056633,5.386177,-33.178463,22.051401,5.170508,-32.315742,22.462614,5.653819,-31.019138,23.534599,7.245481,-35.042320,21.031582,2.847245,-35.799850,21.052824,1.920979,-36.481155,20.502645,1.373864,-36.995071,20.099358,0.612750,-36.554890,19.849573,1.198309,-35.630306,20.400154,2.459706,-28.159340,23.818226,13.745312,-30.488548,22.240582,11.980106,-31.031343,22.503542,12.354719,-31.255053,21.614214,12.461677,-31.695324,21.516893,11.915606,-31.567883,21.373533,11.434727,-30.717932,20.949625,11.086606,-30.127098,21.442556,11.961393,-29.540312,21.243912,13.318106,-29.786615,21.267656,12.630440,-29.532230,21.547724,12.466710,-28.646112,22.941013,13.233276,-29.032135,23.433685,13.039390,-30.791594,20.581749,12.251716,-30.639589,20.157946,12.899505,-29.992702,21.375498,13.183014,-30.334705,21.618076,11.261066,-30.208033,23.184259,12.618269,-30.423014,22.991545,11.442427,-30.402571,23.671831,11.842199,-32.110367,23.231504,6.019989,-36.099449,20.696222,1.288118,25.698023,-36.239059,6.181854,29.314175,-39.851131,0.592518,34.979778,-42.864429,-5.498557,37.330978,-46.905426,-5.602508,39.050766,-47.082924,-5.383859,39.562626,-50.302040,-1.751199,36.613964,-55.116108,-1.166121,31.629446,-58.278393,2.621340,26.549738,-60.151371,7.086819,35.759689,-51.561554,2.772846,31.143162,-57.305115,3.365408,23.547216,-59.358002,8.642126,18.294310,-59.723225,12.631089,31.333628,-50.937382,6.003242,27.298670,-56.000114,5.812240,20.376892,-58.328941,10.746292,15.551004,-58.488239,14.794645,27.282764,-48.964310,8.152968,24.558392,-53.659061,8.432715,20.267353,-55.731255,10.544364,15.879352,-56.872208,13.980518,-13.718700,-16.389612,2.691270,-15.331115,-16.087784,-2.849371,-24.351412,-14.042746,-6.236236,-37.904198,-9.489794,-5.428036,-49.916580,-7.668506,-6.224599,-33.379448,-4.392372,12.270885,-41.919815,3.757453,7.894810,-45.054565,4.548274,0.020758,-46.959805,4.519819,-6.579993,-35.212887,-3.891246,17.785843,-42.068977,3.793060,7.489989,-46.246521,3.668484,-1.046707,-48.989666,2.033611,-8.085514,-35.153538,-5.879261,19.780609,-38.723286,-1.275095,9.032688,-38.665691,-6.722927,1.173650,-37.600395,-13.302489,-3.495512,-33.922653,-9.479020,18.595201,-37.047218,-6.042535,11.710183,-36.800320,-9.588077,7.991972,-36.970707,-14.680015,6.003397
-35.465160,22.424898,4.266559,-27.701126,15.647121,4.765273,-12.005183,20.210825,6.049933,0.486055,9.098826,-14.780548,-14.704207,-13.112280,3.576575,-33.161827,17.807425,3.650571,-10.481050,30.457537,13.663213,27.484560,-32.342400,12.470678,-13.314808,-4.740089,14.331529,-3.724582,-2.056176,6.420336,0.799153,-1.166688,8.189527,0.892024,-2.156588,10.288422,-17.253111,-4.946437,18.888523,-0.333101,-0.785079,8.605162,-0.636371,-2.220480,10.678219,-33.750534,24.076311,3.814242,-36.529877,21.892368,1.175354,-31.090712,22.721085,-3.221545,-9.806069,8.324138,12.934726,-0.670493,-2.293084,10.659328,-0.690447,-2.344516,10.609444,-0.586077,-2.298092,10.690287,1.008873,-2.213530,10.197405,1.078151,-2.098119,10.101113,0.822849,-2.260631,10.385537,-29.645905,24.800556,4.610467,-29.265551,25.526077,5.616423,-28.285406,25.908287,6.572908,-27.686749,25.314205,6.925480,-24.579136,25.925232,9.977175,-22.991133,25.576450,14.194861,-24.465313,22.831242,15.320468,-26.004232,20.733761,17.327242,-29.605318,18.845066,16.451630,-33.568695,16.855410,12.807034,-36.263470,15.111665,8.722714,-37.947845,15.033512,7.001242,-38.408066,16.106771,5.602210,-39.016808,16.383980,3.710630,-39.594280,16.489002,1.176977,-39.641682,16.933350,-0.654577,-39.345272,16.819138,-1.292447,-29.992437,26.574518,9.555967,-30.216270,26.691383,9.690167,-31.795235,26.027792,8.605531,-32.913792,25.710741,7.858488,-34.288525,25.016249,7.495887,-35.802700,23.944799,5.748981,-36.634384,22.804182,4.111407,-37.047897,22.227936,2.977502,-37.857403,21.094301,1.343149,-37.996342,20.458252,1.142081,-33.669029,24.106255,7.708661,-33.062920,24.918404,9.462173,-33.117737,24.806133,11.157405,-33.894741,24.553736,11.170141,-33.038612,23.764151,11.883207,-33.044746,24.223457,12.619808,-33.151608,24.739456,13.184685,-33.887230,23.790018,12.079393,-33.989445,23.666224,11.691970,-31.285069,25.412401,10.096805,-31.970434,25.294891,9.153899,-33.556358,24.084272,7.591788,-34.011375,23.109392,7.426489,-33.162067,23.515701,7.880768,-31.877058,24.571978,9.406548,-35.883305,22.120424,5.044206,-36.633579,22.126253,4.089592,-37.301857,21.578428,3.544651,-37.836277,21.200466,2.763061,-37.409245,20.958157,3.371739,-36.471565,21.500702,4.652540,-28.787724,25.330193,16.232977,-31.266697,23.692213,14.459427,-31.853485,23.924114,14.769180,-32.123219,23.031696,14.831999,-32.628811,22.879721,14.179061,-32.510929,22.750809,13.655382,-31.609089,22.335123,13.310056,-31.006767,22.879906,14.259886,-30.395647,22.686794,15.695722,-30.630014,22.714945,15.005504,-30.338675,23.010466,14.920512,-29.378109,24.438080,15.743808,-29.709770,24.941570,15.465430,-31.591417,22.043116,14.716375,-31.486263,21.594019,15.307143,-30.865248,22.799837,15.506611,-31.205379,23.023106,13.523092,-31.098972,24.561901,14.926907,-31.274948,24.395729,13.830456,-31.183910,25.128487,14.310347,-32.961590,24.248890,8.194460,-36.938969,21.779709,3.443043,24.008987,-36.806545,5.510156,27.543005,-40.817524,0.152804,33.281391,-44.243599,-5.810198,35.548126,-48.572720,-5.518364,37.334084,-48.965275,-5.222684,37.689617,-51.506752,-1.731822,34.184486,-56.365055,-0.669514,28.586267,-59.366497,3.434114,23.010328,-61.053886,8.157852,33.615005,-52.491451,2.859833,28.306698,-58.046345,3.798222,20.280499,-59.588879,8.897508,15.010143,-59.562458,12.460446,29.071728,-51.620132,6.037692,24.460678,-56.536633,6.147923,17.134272,-58.373962,10.919785,12.286807,-58.164841,14.515775,25.006510,-49.405369,8.017875,21.846182,-54.044239,8.661025,17.277912,-55.887539,10.822059,12.726948,-56.810905,14.250919,-13.148653,-16.704180,-0.159626,-14.770437,-16.081772,-5.754364,-24.226334,-13.720133,-8.932557,-38.386410,-8.728788,-7.955138,-51.079742,-6.265284,-8.729123,-33.444530,-4.135816,9.701202,-42.280964,4.526433,5.321124,-45.511959,5.499141,-2.885406,-47.451183,5.592532,-9.729893,-35.475086,-3.627164,15.381285,-42.866356,4.635247,4.881530,-47.001457,4.454195,-4.483879,-49.521812,2.703600,-12.048036,-35.570721,-5.648858,17.452726,-39.356342,-0.436148,6.708797,-39.368988,-5.833437,-1.301814,-38.346886,-12.482504,-6.084597,-34.451862,-9.331118,16.347425,-37.685242,-5.430112,9.400913,-37.446072,-8.946303,5.599297,-37.641109,-14.050992,3.589008
-36.368847,23.772469,6.421929,-27.906277,16.861240,6.547080,-12.404219,21.246391,7.885454,0.837652,10.278068,-16.186325,-14.165249,-13.135765,0.926608,-33.349682,19.003363,5.362977,-10.952982,31.208431,13.615609,25.828392,-33.128502,11.801892,-12.928763,-3.713647,15.603424,-3.777803,-1.129380,7.957294,0.742835,-0.746384,8.682415,0.834798,-1.740246,10.790363,-16.756281,-3.957733,19.929466,-0.262998,-0.320180,8.901824,-0.557464,-1.777226,10.957736,-34.625271,25.203657,5.846635,-37.243717,23.145094,3.394131,-31.995762,23.599903,-1.530987,-9.279359,8.551307,13.087782,-0.584406,-1.851753,10.923613,-0.597214,-1.905627,10.858817,-0.513692,-1.856138,10.982700,0.944835,-1.800535,10.712659,1.006921,-1.684982,10.629597,0.772866,-1.844702,10.874273,-30.493507,25.719826,6.615089,-30.115915,26.575104,7.735910,-29.114481,27.079060,8.788382,-28.457355,26.604593,9.253659,-25.176056,27.361540,12.398273,-23.512554,27.095198,16.722759,-25.056267,24.345116,17.917261,-26.644819,22.244696,19.944963,-30.326208,20.359409,19.039331,-34.311836,18.322279,15.369796,-37.153011,16.449898,11.140573,-38.939850,16.279690,9.241208,-39.415546,17.339556,7.747969,-39.996845,17.589415,5.840971,-40.552757,17.646896,3.281192,-40.550713,18.050215,1.448542,-40.199326,17.894371,0.813367,-30.751272,27.558249,11.819985,-30.933544,27.659918,12.026591,-32.510185,27.005440,10.972855,-33.613605,26.725233,10.269572,-35.015034,26.058914,9.902595,-36.514286,25.043573,8.108127,-37.344788,23.878691,6.451756,-37.751522,23.298752,5.282739,-38.590191,22.160791,3.617703,-38.746784,21.535601,3.399377,-34.386463,25.264442,10.219624,-33.791161,26.143555,12.002807,-33.882313,26.079266,13.685018,-34.738499,25.871696,13.630717,-33.893227,25.125956,14.340158,-33.883156,25.610620,15.067545,-33.984112,26.151606,15.614671,-34.775429,25.160627,14.478454,-34.860401,25.036100,14.151790,-32.123402,26.486263,12.411729,-32.773319,26.365919,11.500720,-34.349258,25.176399,9.982924,-34.810741,24.235558,9.862267,-33.975132,24.635124,10.291906,-32.705566,25.670181,11.747511,-36.699566,23.276423,7.397765,-37.441898,23.266262,6.412684,-38.097084,22.721348,5.868159,-38.655247,22.369291,5.060894,-38.241127,22.135447,5.694876,-37.289658,22.669586,6.998161,-29.381256,26.908125,18.869844,-32.014336,25.214310,17.089491,-32.646187,25.413994,17.328575,-32.964199,24.518143,17.344542,-33.540005,24.310049,16.579315,-33.433681,24.195240,16.004128,-32.476826,23.789160,15.653644,-31.865515,24.388237,16.687511,-31.228666,24.201765,18.208130,-31.448366,24.234707,17.524231,-31.117607,24.545923,17.525810,-30.079737,26.004581,18.403954,-30.354494,26.515678,18.039536,-32.363365,23.577650,17.328524,-32.307220,23.103233,17.857439,-31.713623,24.295847,17.964365,-32.051273,24.497860,15.913648,-31.965258,26.007044,17.376431,-32.097977,25.865002,16.365658,-31.933706,26.653534,16.928631,-33.781624,25.328186,10.547529,-37.754303,22.929684,5.750425,22.081015,-37.456139,4.869618,25.475098,-41.849258,-0.186393,31.218946,-45.674782,-5.943741,33.300278,-50.260788,-5.149208,35.112598,-50.860069,-4.735475,35.393925,-52.744389,-1.457609,31.204105,-57.593288,0.216227,24.917881,-60.379086,4.698437,18.824360,-61.834385,9.689764,31.058031,-53.438648,3.178568,24.974079,-58.735302,4.530806,16.594730,-59.724388,9.338825,11.395031,-59.297264,12.358195,26.435452,-52.313919,6.254873,21.189758,-57.021034,6.713245,13.530668,-58.331696,11.228772,8.737936,-57.751377,14.273753,22.405142,-49.859066,7.999449,18.760311,-54.389294,9.054873,13.932478,-55.977116,11.246759,9.250719,-56.665924,14.635170,-12.561023,-16.808640,-3.034246,-14.174745,-15.845888,-8.720593,-23.998287,-13.160121,-11.722075,-38.698845,-7.732134,-10.569907,-52.052979,-4.593987,-11.317969,-33.299828,-3.737630,7.009555,-42.380360,5.407610,2.637413,-45.691853,6.579679,-5.911547,-47.657074,6.814242,-13.004672,-35.530922,-3.223565,12.882092,-43.428181,5.620064,2.170181,-47.503681,5.392298,-8.060588,-49.789253,3.532916,-16.170534,-35.794086,-5.261272,15.049705,-39.747974,0.579582,4.314734,-39.818958,-4.721398,-3.850669,-38.841133,-11.399793,-8.756545,-34.805180,-9.001220,14.046006,-38.099277,-4.629201,7.029480,-37.848522,-8.099820,3.140332,-38.052979,-13.198105,1.101388
-37.196190,25.037556,8.594302,-28.114809,18.005785,8.302183,-12.823187,22.228054,9.680886,1.062696,11.408607,-17.384169,-13.643872,-12.954177,-1.602086,-33.513874,20.127972,7.053439,-11.355007,31.830210,13.588384,24.138273,-33.969360,11.210635,-12.553177,-2.720874,16.848919,-3.816854,-0.232653,9.455982,0.670639,-0.376490,9.134275,0.761673,-1.375674,11.253559,-16.279182,-3.001713,20.954706,-0.221064,0.097893,9.161408,-0.508637,-1.381398,11.202750,-35.420021,26.260956,7.919587,-37.881638,24.328108,5.631695,-32.830326,24.417175,0.190497,-8.777454,8.726396,13.258781,-0.528910,-1.457625,11.153664,-0.535044,-1.513423,11.074175,-0.470757,-1.462067,11.240309,0.865685,-1.439395,11.188929,0.921241,-1.323710,11.118797,0.706301,-1.480504,11.324582,-31.274389,26.567728,8.657930,-30.900311,27.547836,9.882918,-29.881466,28.166029,11.019563,-29.172182,27.802996,11.588142,-25.732899,28.694777,14.819644,-24.002930,28.506521,19.240631,-25.613976,25.756298,20.502806,-27.251160,23.660376,22.542389,-31.009481,21.783535,21.586946,-35.011101,19.704010,17.901070,-37.988010,17.706223,13.521914,-39.867321,17.445992,11.439254,-40.354286,18.492245,9.854133,-40.905449,18.714378,7.940998,-41.438862,18.727491,5.368032,-41.389336,19.094957,3.542269,-40.982056,18.903170,2.920927,-31.438509,28.466009,14.130189,-31.578419,28.554434,14.407828,-33.150227,27.912165,13.384612,-34.237324,27.669191,12.720513,-35.663952,27.032873,12.345460,-37.154240,26.070728,10.485570,-37.982624,24.886396,8.808913,-38.383587,24.304989,7.602517,-39.252140,23.164585,5.903606,-39.428795,22.549755,5.665431,-35.033035,26.345352,12.742181,-34.452026,27.286816,14.544298,-34.581551,27.265621,16.207237,-35.516182,27.097893,16.087851,-34.684505,26.393665,16.787758,-34.659298,26.902124,17.500645,-34.755707,27.467903,18.024122,-35.601742,26.437885,16.857285,-35.668449,26.313431,16.592508,-32.890335,27.479836,14.759052,-33.503506,27.358501,13.881530,-35.065907,26.193270,12.406944,-35.534454,25.286547,12.323210,-34.712189,25.678211,12.733743,-33.461258,26.689198,14.121160,-37.447388,24.357414,9.754356,-38.180618,24.333708,8.740472,-38.823376,23.793106,8.193683,-39.405937,23.465809,7.358023,-39.003769,23.239019,8.016972,-38.039921,23.764153,9.344147,-29.929024,28.377138,21.485371,-32.708900,26.635687,19.700123,-33.383625,26.805580,19.868593,-33.748940,25.905712,19.838371,-34.394501,25.644388,18.962904,-34.300453,25.541191,18.329979,-33.289276,25.145128,17.964773,-32.674358,25.797150,19.088692,-32.014515,25.618530,20.692379,-32.216476,25.655849,20.026262,-31.844860,25.981802,20.113682,-30.732191,27.466610,21.040888,-30.952347,27.981977,20.596189,-33.082436,25.014292,19.922928,-33.075680,24.516447,20.389191,-32.511810,25.694927,20.396900,-32.842743,25.874126,18.277514,-32.778023,27.353966,19.804331,-32.865131,27.232738,18.882509,-32.628960,28.076412,19.527122,-34.527134,26.330984,12.931726,-38.500259,24.006424,8.061480,20.116673,-38.154091,4.304104,23.326475,-42.891727,-0.409155,29.009977,-47.076347,-5.906630,30.811417,-51.869659,-4.529926,32.599445,-52.649300,-3.953852,32.918133,-53.940521,-0.987528,27.961700,-58.726727,1.387734,20.976345,-61.255032,6.265136,14.403976,-62.447460,11.488186,28.354366,-54.349495,3.665047,21.482122,-59.344700,5.453256,12.864037,-59.787785,9.863093,7.812020,-58.986702,12.263992,23.696064,-52.983654,6.601492,17.816202,-57.441364,7.412212,9.925111,-58.235664,11.584094,5.250515,-57.311607,14.023551,19.743034,-50.307823,8.069220,15.609097,-54.692265,9.544131,10.561151,-56.019760,11.736745,5.788871,-56.475300,15.049726,-11.998714,-16.705173,-5.783212,-13.590766,-15.401847,-11.590743,-23.695896,-12.403625,-14.449709,-38.843151,-6.570376,-13.121184,-52.797775,-2.777098,-13.830939,-32.976730,-3.219735,4.352791,-42.237629,6.350971,0.006814,-45.608864,7.730194,-8.865644,-47.590923,8.118728,-16.192724,-35.396202,-2.706486,10.433437,-43.739182,6.685152,-0.473324,-47.743946,6.428638,-11.542584,-49.801380,4.480913,-20.181915,-35.825539,-4.746806,12.708930,-39.891819,1.698132,1.994545,-40.003456,-3.470640,-6.318873,-39.066967,-10.138353,-11.349635,-34.972740,-8.520611,11.819023,-38.280739,-3.703406,4.734345,-38.000965,-7.118940,0.756209,-38.200367,-12.197023,-1.320340
-37.910202,26.086966,10.691462,-28.327913,18.974239,9.971470,-13.244064,23.065449,11.375581,1.186144,12.443537,-18.349512,-13.166714,-12.566719,-3.909527,-33.652885,21.078192,8.662358,-11.687455,32.285851,13.625590,22.552078,-34.834129,10.743932,-12.223217,-1.843777,18.029829,-3.844308,0.559152,10.855705,0.594558,-0.072694,9.515193,0.684843,-1.078858,11.649977,-15.863430,-2.157181,21.937174,-0.201372,0.449972,9.358253,-0.484278,-1.052497,11.391143,-36.096004,27.130810,9.941170,-38.418015,25.316221,7.782619,-33.547352,25.071514,1.866186,-8.359825,8.855575,13.436455,-0.498690,-1.130165,11.327715,-0.498920,-1.187281,11.233958,-0.451354,-1.135182,11.440643,0.783976,-1.145841,11.597700,0.834031,-1.030021,11.539719,0.635007,-1.184066,11.708843,-31.946827,27.244699,10.644736,-31.578407,28.335686,11.960054,-30.549656,29.052444,13.166717,-29.801100,28.784214,13.824591,-26.237471,29.791372,17.128693,-24.461542,29.672968,21.630428,-26.136688,26.928596,22.955294,-27.820232,24.845825,25.000519,-31.646315,22.982016,23.979366,-35.651470,20.866880,20.287790,-38.737122,18.755211,15.764701,-40.686127,18.413033,13.499668,-41.174118,19.448050,11.827116,-41.690910,19.645195,9.918211,-42.200184,19.621422,7.345599,-42.107452,19.961620,5.532918,-41.645554,19.742706,4.936294,-32.023636,29.192820,16.377207,-32.124191,29.270813,16.718737,-33.688923,28.643053,15.724508,-34.760063,28.435705,15.092324,-36.208717,27.829842,14.708251,-37.696495,26.915171,12.766969,-38.520107,25.718506,11.068315,-38.915459,25.139391,9.823546,-39.810089,24.000259,8.090687,-40.007496,23.395430,7.832263,-35.585934,27.232119,15.148725,-35.024483,28.227266,16.957520,-35.193958,28.241219,18.598408,-36.201599,28.105171,18.422014,-35.386398,27.435574,19.107931,-35.349266,27.966084,19.801058,-35.443493,28.556440,20.296494,-36.335167,27.493111,19.104151,-36.382477,27.369495,18.899317,-33.551792,28.280695,17.029100,-34.129646,28.160297,16.184265,-35.675503,27.019875,14.748739,-36.150471,26.144449,14.692898,-35.340488,26.527641,15.090778,-34.110561,27.514071,16.416569,-38.092381,25.247541,11.999541,-38.814899,25.215172,10.961366,-39.446644,24.680952,10.408876,-40.051926,24.376030,9.544655,-39.660206,24.152721,10.226363,-38.687176,24.668139,11.577316,-30.426325,29.596670,23.951035,-33.335064,27.818483,22.164509,-34.047031,27.963783,22.267120,-34.455688,27.059391,22.194239,-35.165401,26.751484,21.216969,-35.082886,26.656195,20.522980,-34.021423,26.269930,20.132288,-33.410854,26.971205,21.349773,-32.735016,26.801786,23.028284,-32.916759,26.842175,22.392498,-32.504211,27.180414,22.558279,-31.324078,28.684929,23.525160,-31.495750,29.200594,23.011185,-33.731148,26.215403,22.376789,-33.772083,25.697773,22.782986,-33.239994,26.862099,22.686739,-33.556732,27.017641,20.501429,-33.515266,28.470530,22.090902,-33.556980,28.365793,21.258150,-33.254284,29.260437,21.978825,-35.164814,27.143478,15.235731,-39.141232,24.896013,10.265511,18.272001,-38.881390,3.852326,21.268284,-43.911129,-0.506253,26.835213,-48.395023,-5.721034,28.282841,-53.335815,-3.723100,29.997725,-54.257305,-2.950844,30.470667,-55.055241,-0.386196,24.716764,-59.732815,2.729183,17.076048,-61.979298,7.975749,10.106165,-62.897156,13.363003,25.724892,-55.202244,4.258098,18.105165,-59.878479,6.470667,9.361649,-59.820339,10.414374,4.505753,-58.694027,12.178753,21.071037,-53.621758,7.033866,14.598891,-57.812290,8.172170,6.572497,-58.133724,11.948264,2.054214,-56.911152,13.780427,17.225306,-50.755348,8.210976,12.628339,-54.973183,10.083323,7.405373,-56.053146,12.251006,2.577998,-56.290409,15.465451,-11.494541,-16.388641,-8.286805,-13.051795,-14.758301,-14.238746,-23.336693,-11.472585,-16.990358,-38.814960,-5.289336,-15.485835,-53.280075,-0.901923,-16.135445,-32.495018,-2.593254,1.858371,-41.863796,7.322526,-2.441016,-45.269398,8.908198,-11.597092,-47.257706,9.458156,-19.128849,-35.079342,-2.091229,8.153232,-43.784184,7.784283,-2.911015,-47.710705,7.523130,-14.742805,-49.560825,5.518239,-23.867083,-35.663445,-4.124940,10.541691,-39.781384,2.864711,-0.135716,-39.911884,-2.144139,-8.581593,-39.011169,-8.761201,-13.731662,-34.944347,-7.910381,9.769635,-38.221786,-2.700314,2.626387,-37.897499,-6.056661,-1.439671,-38.078918,-11.104938,-3.563584
-38.492420,26.841267,12.661562,-28.544744,19.706774,11.519371,-13.651386,23.706781,12.933083,1.239517,13.349702,-19.081615,-12.746027,-11.999524,-5.951499,-33.767155,21.798075,10.154387,-11.951455,32.562939,13.753033,21.167929,-35.691769,10.417374,-11.959295,-1.132998,19.125471,-3.863141,1.200274,12.122441,0.521547,0.155821,9.808572,0.611338,-0.859062,11.963676,-15.532526,-1.472820,22.862427,-0.200227,0.724451,9.479178,-0.480818,-0.801874,11.510989,-36.634354,27.743477,11.856910,-38.842842,26.033552,9.786531,-34.121803,25.505014,3.448499,-8.062715,8.944571,13.614403,-0.490359,-0.880681,11.434092,-0.485623,-0.938404,11.326670,-0.451756,-0.886709,11.571533,0.706887,-0.928962,11.922757,0.752678,-0.812985,11.875847,0.565814,-0.964636,12.011439,-32.488705,27.693748,12.516806,-32.128620,28.875956,13.908025,-31.099501,29.670696,15.169946,-30.328375,29.475580,15.901228,-26.684721,30.574074,19.258507,-24.890011,30.514650,23.822680,-26.625023,27.782099,25.204470,-28.351194,25.720516,27.253082,-32.231918,23.873802,26.157108,-36.224808,21.730558,22.470921,-39.382244,19.521751,17.817783,-41.370785,19.110018,15.377039,-41.846504,20.138008,13.623528,-42.324558,20.314695,11.728271,-42.808441,20.263626,9.167869,-42.678162,20.586542,7.372470,-42.164936,20.350658,6.808489,-32.492878,29.678652,18.493563,-32.560074,29.749184,18.888222,-34.116131,29.137007,17.921032,-35.173210,28.961922,17.312870,-36.639744,28.385437,16.921368,-38.131687,27.510235,14.886530,-38.946869,26.308960,13.164205,-39.336040,25.736481,11.881263,-40.249939,24.603336,10.116837,-40.467255,24.008404,9.839323,-36.037392,27.855335,17.365181,-35.501137,28.893030,19.169415,-35.711006,28.932173,20.789221,-36.782185,28.817978,20.569107,-35.986141,28.173754,21.237293,-35.941517,28.724379,21.906494,-36.036224,29.338879,22.371866,-36.959167,28.249722,21.162657,-36.986416,28.127834,21.012936,-34.091164,28.823853,19.156792,-34.637321,28.705851,18.342417,-36.164669,27.588516,16.940102,-36.644730,26.739620,16.903055,-35.845242,27.114515,17.295137,-34.637573,28.077816,18.568384,-38.618973,25.877045,14.070174,-39.328815,25.842041,13.013970,-39.951225,25.316481,12.452464,-40.575726,25.030920,11.561641,-40.192799,24.806435,12.262982,-39.214966,25.311485,13.635778,-30.873896,30.484205,26.196617,-33.886093,28.680744,24.414680,-34.627293,28.808029,24.459867,-35.073158,27.898891,24.350111,-35.837685,27.553177,23.283787,-35.764839,27.462036,22.528051,-34.659416,27.085157,22.101099,-34.062050,27.830048,23.413374,-33.379837,27.670727,25.153971,-33.539833,27.712257,24.560173,-33.087776,28.059650,24.792385,-31.851122,29.576988,25.787161,-31.983269,30.089275,25.217197,-34.301128,27.098553,24.624897,-34.386234,26.565680,24.976324,-33.887093,27.716738,24.774237,-34.180569,27.849201,22.528397,-34.164921,29.278366,24.174124,-34.163780,29.185343,23.427753,-33.803120,30.124434,24.215862,-35.679226,27.698986,17.394077,-39.660564,25.529638,12.302231,16.656982,-39.615498,3.525046,19.427063,-44.878914,-0.496557,24.838705,-49.594707,-5.439034,25.891083,-54.625217,-2.825228,27.496017,-55.646648,-1.840877,28.220186,-56.067039,0.265057,21.687849,-60.605572,4.109195,13.473310,-62.567642,9.670382,6.204180,-63.219746,15.145673,23.340315,-55.988743,4.887261,15.048227,-60.353634,7.491093,6.268159,-59.862160,10.952634,1.626155,-58.468636,12.114611,18.721136,-54.228840,7.502621,11.722527,-58.156456,8.928476,3.634780,-58.068798,12.301786,-0.714380,-56.599735,13.570320,14.997742,-51.207607,8.402831,9.982068,-55.254955,10.632534,4.624694,-56.112774,12.761198,-0.232688,-56.155510,15.869704,-11.062696,-15.881908,-10.488270,-12.570834,-13.947304,-16.604004,-22.930315,-10.407772,-19.281794,-38.618671,-3.945181,-17.601175,-53.490055,0.947692,-18.161755,-31.881214,-1.887781,-0.403223,-41.286285,8.281619,-4.638401,-44.698986,10.066585,-14.026218,-46.682446,10.780750,-21.725012,-34.602924,-1.408565,6.104957,-43.575058,8.867499,-5.071040,-47.417076,8.627777,-17.559883,-49.088226,6.602067,-27.107533,-35.325233,-3.429160,8.606989,-39.436783,4.023735,-2.019424,-39.562302,-0.807281,-10.579670,-38.689335,-7.338027,-15.839511,-34.732136,-7.205834,7.951737,-37.941147,-1.670683,0.760713,-37.559509,-4.968357,-3.393045,-37.712132,-9.981166,-5.574880
-38.946846,27.283566,14.488519,-28.762091,20.195446,12.931016,-14.030066,24.143490,14.340271,1.265337,14.109617,-19.611778,-12.378796,-11.313945,-7.746898,-33.861664,22.283087,11.515628,-12.156747,32.676590,13.974369,20.044565,-36.507584,10.208785,-11.768402,-0.606113,20.132746,-3.876122,1.675267,13.247817,0.452946,0.304825,10.013535,0.542443,-0.720236,12.193125,-15.294415,-0.965468,23.730127,-0.217091,0.915837,9.526604,-0.497739,-0.633971,11.563665,-37.040016,28.085487,13.646179,-39.164330,26.462149,11.625220,-34.554771,25.710854,4.915781,-7.896573,8.997670,13.792167,-0.503454,-0.713603,11.474356,-0.494731,-0.771086,11.354020,-0.471422,-0.721062,11.634207,0.635730,-0.792643,12.162340,0.678523,-0.676514,12.125267,0.499957,-0.826150,12.230992,-32.900669,27.908699,14.248167,-32.551098,29.160307,15.702387,-31.531132,30.010872,17.005966,-30.754267,29.865625,17.795589,-27.076363,31.030836,21.186062,-25.290663,31.017960,25.795700,-27.080532,28.301371,27.230930,-28.844545,26.265814,29.285843,-32.765850,24.439228,28.114826,-36.731091,22.275000,24.442863,-39.921532,19.987867,19.677301,-41.918907,19.521372,17.071608,-42.369709,20.547638,15.244744,-42.805874,20.709114,13.370071,-43.264458,20.640354,10.830203,-43.102547,20.955349,9.054895,-42.543041,20.712259,8.525684,-32.852055,29.917343,20.451456,-32.893715,29.982885,20.888008,-34.440697,29.385616,19.946136,-35.487057,29.237888,19.355904,-36.967415,28.687748,18.960375,-38.470192,27.842167,16.825277,-39.273243,26.642786,15.077718,-39.655163,26.080746,13.757881,-40.580235,24.958113,11.965644,-40.815353,24.373142,11.671008,-36.397053,28.201874,19.369965,-35.890354,29.270100,21.162445,-36.139347,29.323725,22.765738,-37.261932,29.221325,22.518414,-36.486938,28.593044,23.164911,-36.439610,29.161793,23.808430,-36.537083,29.799473,24.244843,-37.475056,28.691908,23.028839,-37.482590,28.572874,22.926872,-34.512543,29.100588,21.119299,-35.031998,28.985395,20.332773,-36.540333,27.887806,18.957399,-37.024117,27.059772,18.931129,-36.232693,27.427370,19.323999,-35.047165,28.370268,20.554085,-39.033821,26.230524,15.952127,-39.728912,26.198633,14.884648,-40.343456,25.683794,14.311968,-40.982441,25.414454,13.397978,-40.606785,25.184311,14.115819,-39.629147,25.678581,15.506433,-31.277445,31.024330,28.209053,-34.364841,29.205379,26.439425,-35.126736,29.321184,26.438261,-35.602692,28.407375,26.298801,-36.411083,28.032909,25.157887,-36.345543,27.942875,24.341549,-35.203247,27.575207,23.869108,-34.626751,28.356153,25.275324,-33.947994,28.206833,27.063591,-34.085548,28.247406,26.520681,-33.596691,28.601215,26.805460,-32.316235,30.125557,27.815588,-32.419586,30.632404,27.202297,-34.794289,27.645405,26.657454,-34.918915,27.101679,26.961138,-34.452774,28.240986,26.654997,-34.714443,28.352678,24.354544,-34.727028,29.760828,26.046717,-34.687000,29.675121,25.382275,-34.278591,30.651356,26.227503,-36.075920,27.986769,19.384789,-40.064198,25.891733,14.159177,15.336821,-40.327358,3.297000,17.884947,-45.769466,-0.430914,23.124481,-50.654327,-5.139781,23.776211,-55.729809,-1.952705,25.251024,-56.814121,-0.757666,26.288509,-56.965862,0.871602,19.036646,-61.355564,5.393810,10.344491,-63.052517,11.207361,2.866114,-63.465412,16.709030,21.316071,-56.705914,5.472710,12.442116,-60.789192,8.424703,3.681681,-59.942120,11.435347,-0.752737,-58.339092,12.065573,16.748184,-54.804737,7.948158,9.297288,-58.493496,9.618235,1.193575,-58.068909,12.621362,-2.993096,-56.404106,13.399591,13.147332,-51.664421,8.608658,7.764929,-55.553246,11.147653,2.304579,-56.221504,13.234787,-2.568298,-56.097683,16.242817,-10.696895,-15.244592,-12.402313,-12.140813,-13.033259,-18.699184,-22.482491,-9.278105,-21.331936,-38.275192,-2.611980,-19.473255,-53.451397,2.685841,-19.913687,-31.175541,-1.156906,-2.425911,-40.558025,9.178389,-6.586400,-43.952461,11.151690,-16.151613,-45.921051,12.028900,-23.977915,-34.010963,-0.709321,4.290320,-43.160130,9.879997,-6.956509,-46.911060,9.685308,-19.988367,-48.432140,7.673813,-29.891832,-34.854733,-2.711246,6.904357,-38.913113,5.117190,-3.667689,-39.010292,0.470077,-12.328864,-38.154640,-5.948366,-17.689114,-34.377640,-6.460984,6.363246,-37.491669,-0.670583,-0.870895,-37.043453,-3.913904,-5.116787,-37.159031,-8.889654,-7.368256
-39.293011,27.444828,16.179600,-28.975666,20.469526,14.206725,-14.367483,24.398838,15.600942,1.306904,14.721390,-19.987539,-12.053626,-10.582541,-9.350847,-33.944691,22.563848,12.747358,-12.318542,32.657497,14.276730,19.204546,-37.254120,10.074326,-11.646557,-0.255299,21.059973,-3.884073,1.991881,14.240928,0.386272,0.373292,10.141227,0.475527,-0.662887,12.348045,-15.145177,-0.627820,24.549122,-0.253677,1.022955,9.514447,-0.536682,-0.548710,11.560905,-37.334122,28.186384,15.311553,-39.402443,26.628855,13.308832,-34.865749,25.720028,6.265183,-7.852142,9.016601,13.973974,-0.539584,-0.628844,11.460342,-0.527835,-0.685085,11.327996,-0.512050,-0.638156,11.640314,0.567804,-0.737437,12.326102,0.608821,-0.621183,12.297524,0.434868,-0.769088,12.377327,-33.199528,27.921316,15.836610,-32.861515,29.221140,17.343536,-31.858665,30.106409,18.677269,-31.090296,29.988972,19.512537,-27.418236,31.198450,22.919052,-25.665440,31.219032,27.561279,-27.504755,28.519875,29.050026,-29.301384,26.510939,31.119011,-33.250694,24.706135,29.881193,-37.176102,22.527067,26.228180,-40.365170,20.179899,21.368330,-42.345188,19.673920,18.610126,-42.761600,20.704027,16.717882,-43.154778,20.855473,14.867582,-43.589836,20.777126,12.352685,-43.401810,21.091902,10.599395,-42.802189,20.849848,10.100848,-33.119705,29.942694,22.252108,-33.144199,30.004805,22.721041,-34.683052,29.419958,21.803253,-35.723026,29.293636,21.227776,-37.214031,28.764967,20.832647,-38.734020,27.938091,18.596083,-39.521946,26.744858,16.821844,-39.895424,26.195837,15.467073,-40.823906,25.087263,13.651167,-41.073948,24.512222,13.341425,-36.684658,28.301594,21.177612,-36.209686,29.388819,22.956491,-36.494949,29.446594,24.550358,-37.655838,29.346788,24.293148,-36.902641,28.726269,24.913309,-36.856976,29.311211,25.532221,-36.958790,29.970488,25.943804,-37.896526,28.850620,24.730698,-37.886005,28.735826,24.667299,-34.833851,29.144281,22.923075,-35.332108,29.031176,22.162306,-36.822441,27.949081,20.807945,-37.308884,27.136173,20.786116,-36.522655,27.498213,21.185551,-35.357956,28.424112,22.380772,-39.357849,26.334806,17.663286,-40.036293,26.310570,16.590927,-40.643959,25.807959,16.006491,-41.292301,25.551901,15.073284,-40.922684,25.312687,15.804916,-39.950058,25.796108,17.207823,-31.644518,31.252653,30.012707,-34.780220,29.425211,28.264032,-35.555210,29.535053,28.228830,-36.054256,28.616781,28.067192,-36.895779,28.221558,26.865919,-36.835377,28.130585,25.990889,-35.662895,27.772284,25.466072,-35.112377,28.580330,26.964039,-34.445225,28.439878,28.786270,-34.560249,28.477587,28.299728,-34.037998,28.836143,28.623344,-32.726501,30.363525,29.636822,-32.812267,30.865086,28.990416,-35.219337,27.887224,28.499863,-35.378391,27.336140,28.763758,-34.944370,28.465477,28.358679,-35.167782,28.560162,26.008276,-35.210171,29.948778,27.735813,-35.135651,29.866920,27.148069,-34.689796,30.873486,28.039932,-36.374138,28.038485,21.215895,-40.372864,26.008247,15.854720,14.335928,-40.992340,3.122667,16.681025,-46.567776,-0.372457,21.752199,-51.570728,-4.904526,22.027439,-56.664074,-1.210052,23.366745,-57.783321,0.182737,24.744551,-57.754047,1.347979,16.854723,-62.004654,6.475618,7.774214,-63.472263,12.490023,0.152388,-63.683472,17.984211,19.709845,-57.356789,5.942904,10.343337,-61.203403,9.200440,1.628057,-60.077644,11.824738,-2.619993,-58.316650,12.012424,15.196270,-55.350494,8.314262,7.363079,-58.838326,10.190974,-0.737577,-58.147816,12.883508,-4.780105,-56.331955,13.257757,11.705873,-52.122948,8.788228,6.007725,-55.876919,11.588777,0.465465,-56.390400,13.640716,-4.417189,-56.128426,16.562109,-10.380064,-14.548881,-14.086234,-11.745109,-12.088880,-20.580387,-21.998747,-8.156287,-23.191055,-37.816551,-1.358382,-21.150934,-53.210423,4.245838,-21.442581,-30.422129,-0.456583,-4.245935,-39.741875,9.971021,-8.330089,-43.097427,12.120428,-18.023323,-45.043392,13.156861,-25.941113,-33.355625,-0.044731,2.671146,-42.605942,10.778834,-8.618584,-46.258572,10.647676,-22.086777,-47.654652,8.679949,-32.281342,-34.307022,-2.022516,5.395029,-38.280804,6.100508,-5.133254,-38.329056,1.632463,-13.890610,-37.478748,-4.659405,-19.344833,-33.935966,-5.729867,4.966007,-36.941002,0.254057,-2.316261,-36.420689,-2.941761,-6.664600,-36.493530,-7.882341,-8.998476
-39.553253,27.376045,17.750940,-29.181015,20.571287,15.354387,-14.655220,24.508135,16.726416,1.396340,15.193697,-20.250250,-11.760173,-9.860476,-10.817125,-34.024014,22.681347,13.857857,-12.450192,32.535477,14.641357,18.644482,-37.920326,9.972172,-11.582836,-0.060869,21.918159,-3.884533,2.168734,15.116896,0.317788,0.361474,10.207749,0.406692,-0.686333,12.443154,-15.074051,-0.441519,25.329966,-0.312398,1.046497,9.460557,-0.600014,-0.544414,11.518539,-37.540741,28.093513,16.865604,-39.578186,26.579611,14.858167,-35.078941,25.577759,7.503457,-7.911361,8.999891,14.166282,-0.601055,-0.624708,11.407911,-0.587161,-0.678687,11.264522,-0.576101,-0.636333,11.605659,0.499117,-0.762727,12.428687,0.539510,-0.646368,12.407215,0.366733,-0.792763,12.465175,-33.406342,27.777596,17.292221,-33.079704,29.106575,18.843784,-32.099697,30.007769,20.198124,-31.350464,29.898495,21.068913,-27.715876,31.132759,24.478287,-26.014311,31.173830,29.144573,-27.897682,28.491104,30.689686,-29.721733,26.505892,32.783749,-33.688961,24.723347,31.492867,-37.566536,22.534370,27.859608,-40.726765,20.143711,22.922155,-42.669590,19.612581,20.023962,-43.045967,20.651648,18.073853,-43.396946,20.797653,16.249331,-43.811855,20.715996,13.760709,-43.602676,21.036379,12.030837,-42.969658,20.801861,11.554482,-33.315762,29.803053,23.910831,-33.331081,29.862356,24.404993,-34.863834,29.286123,23.510431,-35.902134,29.174839,22.948912,-37.401657,28.661615,22.558855,-38.944641,27.842197,20.223633,-39.715599,26.657173,18.421326,-40.079689,26.122478,17.033829,-41.005020,25.030205,15.197959,-41.267132,24.464802,14.874575,-36.919182,28.201862,22.816538,-36.475933,29.297770,24.584208,-36.793526,29.350403,26.176865,-37.979988,29.245314,25.925909,-37.248203,28.626209,26.514553,-37.207855,29.225456,27.112106,-37.314964,29.904221,27.504953,-38.239582,28.776632,26.303026,-38.213684,28.667431,26.268435,-35.075226,29.004486,24.586966,-35.557682,28.891867,23.850557,-37.032192,27.820692,22.511810,-37.520546,27.017532,22.489756,-36.736530,27.376249,22.900497,-35.590485,28.288776,24.067690,-39.613319,26.234844,19.231735,-40.273731,26.221420,18.160122,-40.875195,25.731865,17.564554,-41.528057,25.486416,16.615883,-41.163364,25.235939,17.359301,-40.199879,25.708818,18.768389,-31.980112,31.225649,31.643585,-35.141010,29.394222,29.924324,-35.923019,29.502264,29.867325,-36.439014,28.579708,29.690660,-37.304157,28.170294,28.441919,-37.247345,28.077023,27.510052,-36.050533,27.728392,26.928211,-35.528374,28.554102,28.515051,-34.878555,28.420717,30.359575,-34.971226,28.454056,29.932129,-34.419140,28.816814,30.282042,-33.088196,30.345074,31.288219,-33.167023,30.843271,30.616344,-35.585342,27.876644,30.187199,-35.773933,27.320700,30.419228,-35.370529,28.441772,29.922497,-35.551872,28.523788,27.524950,-35.624371,29.893396,29.277336,-35.519569,29.812954,28.761011,-35.045517,30.844086,29.689907,-36.594967,27.902618,22.907423,-40.609303,25.923014,17.416464,13.649349,-41.600067,2.960520,15.820587,-47.274574,-0.370951,20.742472,-52.357521,-4.791536,20.683477,-57.457088,-0.665393,21.891857,-58.592442,0.906863,23.610920,-58.446026,1.638644,15.169730,-62.581039,7.294053,5.770252,-63.863510,13.478068,-1.957301,-63.914116,18.959572,18.531820,-57.952324,6.252606,8.749731,-61.614124,9.781090,0.081165,-60.279385,12.102610,-4.008919,-58.403500,11.941524,14.064586,-55.872433,8.564466,5.907222,-59.203613,10.620816,-2.191311,-58.311249,13.076840,-6.113744,-56.381317,13.134921,10.664246,-52.583908,8.912498,4.694507,-56.232784,11.933084,-0.918102,-56.624775,13.962296,-5.811347,-56.250946,16.815752,-10.097301,-13.850448,-15.598868,-11.370307,-11.167130,-22.305479,-21.486877,-7.091208,-24.912460,-37.275543,-0.223586,-22.687756,-52.817272,5.598718,-22.807117,-29.656012,0.178244,-5.907731,-38.889400,10.641318,-9.921309,-42.190815,12.955189,-19.701748,-44.109032,14.145607,-27.681362,-32.679363,0.554318,1.202751,-41.971104,11.546618,-10.114925,-45.518299,11.492742,-23.927391,-46.809841,9.592090,-34.355801,-33.728199,-1.394050,4.034600,-37.599152,6.955307,-6.471472,-37.581867,2.654621,-15.328091,-36.725220,-3.505899,-20.873175,-33.454472,-5.046510,3.716892,-36.345757,1.080968,-3.626630,-35.750793,-2.075212,-8.092063,-35.777409,-6.984698,-10.521381
